Time (s)	Load (gf)	Displacement (mm)
0	0	0
0,016	0	0
0,031	0	0
0,046	0	0
0,063	0	0
0,077	0	0
0,104	0	0,004
0,146	0	0,005
0,163	0	0,008
0,192	0	0,011
0,219	0	0,012
0,238	0	0,015
0,258	0	0,029
0,4	0	0,031
0,42	0	0,033
0,441	0	0,035
0,46	0	0,037
0,485	0	0,04
0,513	0	0,042
0,535	0	0,044
0,556	0	0,046
0,577	0	0,048
0,597	0	0,051
0,617	0	0,053
0,639	0	0,055
0,66	0	0,057
0,68	0	0,059
0,7	0	0,062
0,733	0	0,064
0,753	0	0,067
0,778	0	0,068
0,795	0	0,07
0,815	0	0,072
0,837	0	0,074
0,857	0	0,076
0,873	0	0,078
0,892	0	0,08
0,914	0	0,082
0,934	0	0,084
0,953	0	0,087
0,975	0	0,088
0,994	0	0,091
1,016	0	0,093
1,043	0	0,095
1,063	0	0,098
1,091	0	0,101
1,116	0	0,102
1,137	0	0,105
1,158	0	0,108
1,186	0	0,11
1,207	0	0,112
1,233	0	0,114
1,253	0	0,116
1,275	0	0,119
1,298	0	0,121
1,317	0	0,123
1,339	0	0,125
1,36	0	0,126
1,379	0	0,128
1,4	0	0,13
1,418	0	0,133
1,445	0	0,136
1,475	0	0,138
1,5	0	0,141
1,519	0	0,143
1,544	0	0,145
1,561	0	0,147
1,582	0	0,149
1,6	0	0,151
1,621	0	0,153
1,641	0	0,155
1,662	0	0,157
1,681	0	0,158
1,698	0	0,161
1,725	0	0,163
1,746	0	0,166
1,773	0	0,169
1,804	0	0,172
1,825	0	0,173
1,844	0	0,175
1,865	0	0,178
1,887	0	0,18
1,91	0	0,182
1,931	0	0,184
1,953	0	0,186
1,975	0	0,188
1,992	0	0,191
2,021	0	0,194
2,047	0	0,196
2,068	0	0,198
2,09	0	0,2
2,112	0	0,202
2,131	0	0,204
2,152	0	0,206
2,173	0	0,208
2,194	0	0,21
2,214	0	0,212
2,231	0	0,214
2,253	0	0,216
2,285	0	0,22
2,308	0	0,222
2,339	0	0,224
2,359	0	0,227
2,378	0	0,229
2,401	0	0,231
2,421	0	0,233
2,442	0	0,234
2,458	0	0,237
2,484	0	0,239
2,505	0	0,242
2,534	0	0,244
2,556	0	0,246
2,577	0	0,248
2,597	0	0,25
2,618	0	0,252
2,637	0	0,255
2,662	0	0,257
2,681	0	0,258
2,697	0	0,261
2,728	0	0,264
2,752	0	0,266
2,775	0	0,269
2,801	0	0,271
2,822	0	0,273
2,843	0	0,275
2,865	0	0,277
2,887	0	0,28
2,908	0	0,282
2,929	0	0,284
2,947	0	0,285
2,967	0	0,287
2,983	0	0,288
3,003	0	0,292
3,037	0	0,294
3,059	0	0,296
3,081	0	0,299
3,102	0	0,301
3,127	0	0,304
3,151	0	0,306
3,171	0	0,308
3,191	0	0,31
3,211	0	0,312
3,233	0	0,314
3,254	0	0,317
3,283	0	0,319
3,304	0	0,321
3,331	0	0,324
3,353	0	0,326
3,374	0	0,328
3,393	0	0,33
3,411	0	0,332
3,434	0	0,334
3,457	0	0,336
3,475	0	0,338
3,49	0	0,34
3,517	0	0,342
3,54	0	0,345
3,562	0	0,347
3,587	0	0,349
3,607	0	0,351
3,629	0	0,353
3,65	0	0,355
3,667	0	0,357
3,688	0	0,359
3,711	0	0,361
3,729	0	0,363
3,754	0	0,366
3,782	0	0,369
3,806	0	0,371
3,829	0	0,374
3,854	0	0,376
3,874	0	0,378
3,898	0	0,38
3,917	0	0,382
3,937	0	0,384
3,956	0	0,386
3,977	0	0,388
3,995	0	0,39
4,024	0	0,393
4,047	0	0,395
4,068	0	0,397
4,087	0	0,4
4,111	0	0,402
4,132	0	0,404
4,153	0	0,406
4,173	0	0,408
4,192	0	0,41
4,212	0	0,412
4,239	0	0,414
4,256	0	0,417
4,284	0	0,42
4,31	0	0,422
4,336	0	0,424
4,356	0	0,426
4,376	0	0,428
4,398	0	0,43
4,416	0	0,432
4,437	0	0,434
4,457	0	0,436
4,477	0	0,438
4,493	0	0,44
4,519	0	0,442
4,541	0	0,445
4,564	0	0,447
4,586	0	0,449
4,606	0	0,451
4,626	0	0,453
4,647	0	0,455
4,669	0	0,457
4,688	0	0,459
4,709	0	0,461
4,728	0	0,463
4,75	0	0,466
4,781	0	0,469
4,806	0	0,472
4,829	0	0,474
4,853	0	0,476
4,873	0	0,478
4,897	0	0,48
4,918	0	0,482
4,938	0	0,484
4,959	0	0,486
4,98	0	0,488
4,996	0	0,49
5,024	0	0,492
5,045	0	0,495
5,07	0	0,498
5,094	0	0,5
5,116	0	0,502
5,134	0	0,504
5,156	0	0,506
5,177	0	0,508
5,194	0	0,51
5,214	0	0,512
5,236	0	0,514
5,253	0	0,517
5,284	0	0,518
5,302	0	0,521
5,33	0	0,524
5,353	0	0,526
5,373	0	0,528
5,392	0	0,53
5,412	0	0,532
5,431	0	0,534
5,453	0	0,536
5,475	0	0,538
5,491	0	0,54
5,532	0	0,544
5,552	0	0,546
5,579	0	0,549
5,602	0	0,551
5,627	0	0,553
5,643	0	0,555
5,665	0	0,557
5,686	0	0,559
5,707	0	0,562
5,735	0	0,564
5,757	0	0,566
5,778	0	0,568
5,8	0	0,57
5,826	0	0,572
5,846	0	0,575
5,867	0	0,576
5,879	0	0,578
5,891	0	0,579
5,903	0	0,58
5,915	0	0,582
5,931	0	0,583
5,949	0	0,585
5,968	0	0,587
5,987	0	0,59
6,016	0	0,592
6,04	0	0,595
6,061	0	0,596
6,081	0	0,598
6,101	0	0,6
6,122	0	0,602
6,142	0	0,605
6,165	0	0,607
6,183	0	0,609
6,204	0	0,611
6,225	0	0,613
6,246	0	0,615
6,264	0	0,617
6,29	0	0,619
6,311	0	0,632
6,434	0	0,634
6,455	0	0,636
6,475	0	0,638
6,491	0	0,64
6,516	0	0,642
6,54	0	0,644
6,56	0	0,646
6,581	0	0,649
6,602	0	0,65
6,621	0	0,652
6,64	0	0,654
6,662	0	0,657
6,684	0	0,659
6,708	0	0,662
6,734	0	0,663
6,752	0	0,666
6,783	0	0,669
6,806	0	0,671
6,829	0	0,674
6,854	0	0,676
6,873	0	0,678
6,894	0	0,68
6,915	0	0,682
6,934	0	0,684
6,955	0	0,686
6,976	0	0,688
6,994	0	0,689
7,01	0	0,691
7,033	0	0,694
7,063	0	0,697
7,084	0	0,699
7,105	0	0,701
7,125	0	0,703
7,147	0	0,705
7,171	0	0,707
7,19	0	0,709
7,208	0	0,711
7,225	0	0,713
7,246	0	0,715
7,272	0	0,717
7,296	0	0,72
7,32	0	0,722
7,337	0	0,725
7,365	0	0,727
7,385	0	0,729
7,409	0	0,731
7,429	0	0,733
7,444	0	0,735
7,471	0	0,737
7,49	0	0,74
7,519	0	0,742
7,541	0	0,744
7,564	0	0,746
7,584	0	0,749
7,604	0	0,751
7,626	0	0,753
7,647	0	0,755
7,669	0	0,757
7,689	0	0,76
7,711	0	0,761
7,729	0	0,763
7,745	0	0,765
7,771	0	0,767
7,789	0	0,769
7,812	0	0,772
7,836	0	0,774
7,861	0	0,776
7,879	0	0,778
7,898	0	0,78
7,918	0	0,782
7,94	0	0,784
7,959	0	0,786
7,977	0	0,788
7,992	0	0,79
8,021	0	0,792
8,045	0	0,795
8,067	0	0,797
8,087	0	0,798
8,104	0	0,801
8,128	0	0,803
8,149	0	0,805
8,17	0	0,807
8,19	0	0,809
8,207	0	0,811
8,227	0	0,813
8,248	0	0,816
8,277	0	0,818
8,299	0	0,82
8,323	0	0,822
8,34	0	0,825
8,369	0	0,827
8,391	0	0,829
8,412	0	0,832
8,438	0	0,834
8,461	0	0,836
8,482	0	0,838
8,502	0	0,84
8,516	0	0,842
8,542	0	0,845
8,566	0	0,847
8,592	0	0,85
8,615	0	0,851
8,634	0	0,854
8,654	0	0,856
8,677	0	0,858
8,701	0	0,86
8,722	0	0,862
8,738	0	0,865
8,769	0	0,867
8,79	0	0,87
8,816	0	0,872
8,837	0	0,874
8,859	0	0,876
8,88	0	0,878
8,9	0	0,88
8,921	0	0,882
8,939	0	0,884
8,961	0	0,886
8,979	0	0,888
8,996	0	0,889
9,009	0	0,89
9,024	0	0,893
9,053	0	0,896
9,073	0	0,897
9,092	0	0,9
9,12	0	0,902
9,141	0	0,904
9,161	0	0,906
9,182	0	0,908
9,203	0	0,91
9,224	0	0,912
9,245	0	0,914
9,266	0	0,917
9,287	0	0,919
9,311	0	0,922
9,338	0	0,924
9,361	0	0,926
9,382	0	0,928
9,402	0	0,93
9,422	0	0,932
9,442	0	0,934
9,463	0	0,936
9,486	0	0,938
9,508	0	0,94
9,524	0	0,942
9,538	0	0,944
9,562	0	0,946
9,585	0	0,948
9,605	0	0,951
9,628	0	0,953
9,649	0	0,955
9,669	0	0,957
9,691	0	0,958
9,706	0	0,96
9,728	0	0,962
9,748	0	0,965
9,777	0	0,968
9,804	0	0,97
9,823	0	0,972
9,85	0	0,974
9,868	0	0,976
9,888	0	0,978
9,908	0	0,98
9,924	0	0,982
9,95	0	0,984
9,968	0	0,986
9,989	0	0,989
10,008	0	0,992
10,042	0	0,994
10,067	0	0,997
10,091	0	1
10,116	0	1,002
10,137	0	1,004
10,157	0	1,006
10,178	0	1,008
10,197	0	1,01
10,216	0	1,012
10,236	0	1,013
10,256	0	1,015
10,271	0	1,017
10,3	0	1,02
10,324	0	1,022
10,347	0	1,025
10,372	0	1,027
10,391	0	1,029
10,413	0	1,031
10,432	0	1,033
10,453	0	1,035
10,473	0	1,037
10,487	0	1,039
10,514	0	1,042
10,537	0	1,044
10,558	0	1,046
10,584	0	1,048
10,602	0	1,051
10,628	0	1,054
10,655	0	1,056
10,677	0	1,058
10,696	0	1,06
10,717	0	1,062
10,737	0	1,064
10,758	0	1,066
10,773	0	1,068
10,798	0	1,07
10,824	0	1,073
10,849	0	1,075
10,869	0	1,077
10,886	0	1,079
10,907	0	1,081
10,929	0	1,083
10,95	0	1,085
10,969	0	1,087
10,986	0	1,089
11,016	0	1,092
11,04	0	1,094
11,063	0	1,096
11,085	0	1,098
11,105	0	1,101
11,128	0	1,103
11,147	0	1,105
11,17	0	1,107
11,191	0	1,109
11,21	0	1,111
11,232	0	1,113
11,253	0	1,115
11,273	0	1,117
11,286	0	1,119
11,309	0	1,122
11,334	0	1,124
11,358	0	1,126
11,379	0	1,128
11,399	0	1,13
11,42	0	1,132
11,44	0	1,134
11,462	0	1,136
11,484	0	1,139
11,506	0	1,14
11,524	0	1,144
11,552	0	1,146
11,582	0	1,148
11,603	0	1,151
11,631	0	1,153
11,653	0	1,155
11,672	0	1,157
11,69	0	1,159
11,708	0	1,16
11,722	0	1,163
11,748	0	1,165
11,772	0	1,168
11,794	0	1,17
11,824	0	1,173
11,847	0	1,174
11,863	0	1,177
11,886	0	1,179
11,905	0	1,181
11,925	0	1,183
11,947	0	1,185
11,97	0	1,187
11,997	0	1,19
12,019	0	1,192
12,039	0	1,195
12,063	0	1,196
12,082	0	1,199
12,104	0	1,201
12,126	0	1,203
12,145	0	1,204
12,164	0	1,206
12,184	0	1,209
12,206	0	1,211
12,227	0	1,213
12,246	0	1,214
12,263	0	1,216
12,281	0	1,218
12,298	0	1,22
12,322	0	1,223
12,346	0	1,225
12,369	0	1,227
12,389	0	1,229
12,409	0	1,232
12,431	0	1,233
12,451	0	1,236
12,473	0	1,237
12,502	0	1,24
12,529	0	1,243
12,551	0	1,244
12,569	0	1,247
12,591	0	1,249
12,609	0	1,251
12,629	0	1,254
12,655	0	1,256
12,679	0	1,258
12,699	0	1,26
12,722	0	1,262
12,743	0	1,264
12,763	0	1,266
12,866	0	1,277
12,884	0	1,279
12,906	0	1,281
12,927	0	1,283
12,947	0	1,285
12,967	0	1,287
12,992	0	1,289
13,011	0	1,291
13,033	0	1,294
13,06	0	1,296
13,082	0	1,298
13,102	0	1,301
13,127	0	1,303
13,147	0	1,305
13,166	0	1,307
13,187	0	1,308
13,204	0	1,31
13,224	0	1,312
13,245	0	1,314
13,263	0	1,316
13,281	0	1,318
13,3	0	1,321
13,334	0	1,324
13,357	0	1,326
13,378	0	1,328
13,398	0	1,33
13,421	0	1,332
13,443	0	1,334
13,461	0	1,336
13,479	0	1,338
13,496	0	1,34
13,521	0	1,342
13,54	0	1,344
13,56	0	1,346
13,587	0	1,349
13,614	0	1,35
13,633	0	1,353
13,653	0	1,356
13,684	0	1,358
13,701	0	1,36
13,719	0	1,361
13,734	0	1,363
13,753	2	1,366
13,777	0	1,368
13,802	0	1,371
13,828	0	1,373
13,85	0	1,374
13,869	0	1,377
13,89	0	1,379
13,912	0	1,381
13,931	0	1,384
13,961	0	1,386
13,983	0	1,388
14,003	0	1,39
14,018	0	1,392
14,043	0	1,395
14,068	0	1,397
14,089	0	1,399
14,108	0	1,4
14,128	0	1,402
14,148	0	1,405
14,174	0	1,408
14,2	0	1,41
14,218	0	1,412
14,243	0	1,414
14,263	0	1,416
14,281	0	1,417
14,296	0	1,419
14,312	0	1,422
14,342	0	1,424
14,363	0	1,426
14,383	0	1,428
14,403	2	1,43
14,424	2	1,432
14,444	2	1,434
14,463	0	1,436
14,481	0	1,438
14,499	0	1,439
14,514	0	1,441
14,535	0	1,444
14,563	0	1,446
14,585	0	1,448
14,607	0	1,451
14,64	0	1,453
14,659	0	1,456
14,681	0	1,458
14,699	0	1,46
14,72	0	1,462
14,743	0	1,464
14,765	0	1,466
14,787	0	1,468
14,802	0	1,471
14,832	0	1,473
14,856	2	1,475
14,876	0	1,477
14,896	0	1,479
14,915	0	1,481
14,935	0	1,484
14,955	0	1,485
14,975	0	1,487
14,998	0	1,489
15,015	0	1,491
15,033	0	1,493
15,054	2	1,496
15,082	0	1,499
15,109	0	1,501
15,134	2	1,503
15,152	2	1,506
15,183	0	1,508
15,202	0	1,51
15,226	0	1,512
15,246	0	1,514
15,266	0	1,516
15,293	0	1,519
15,315	0	1,521
15,333	0	1,523
15,359	0	1,526
15,384	0	1,528
15,399	0	1,53
15,424	0	1,532
15,448	0	1,535
15,472	0	1,537
15,493	0	1,539
15,513	0	1,54
15,529	0	1,543
15,557	0	1,546
15,587	0	1,548
15,608	0	1,551
15,634	0	1,553
15,655	0	1,555
15,675	0	1,557
15,696	0	1,559
15,714	0	1,561
15,737	0	1,564
15,757	0	1,565
15,777	0	1,567
15,795	0	1,569
15,817	0	1,572
15,852	0	1,574
15,871	0	1,576
15,889	2	1,578
15,903	2	1,58
15,922	0	1,582
15,942	0	1,584
15,962	0	1,586
15,982	0	1,587
15,998	0	1,589
16,017	2	1,591
16,037	0	1,594
16,059	2	1,596
16,085	0	1,598
16,106	0	1,6
16,13	0	1,602
16,146	0	1,604
16,17	0	1,607
16,193	0	1,609
16,214	2	1,611
16,235	0	1,613
16,253	0	1,615
16,273	0	1,617
16,294	0	1,619
16,31	0	1,621
16,342	0	1,623
16,364	0	1,626
16,383	0	1,627
16,4	0	1,63
16,428	0	1,632
16,445	0	1,633
16,459	0	1,635
16,478	0	1,637
16,5	0	1,64
16,526	0	1,643
16,554	0	1,644
16,57	0	1,647
16,594	2	1,648
16,609	2	1,65
16,632	0	1,653
16,654	0	1,655
16,676	0	1,657
16,697	2	1,659
16,716	0	1,661
16,736	0	1,663
16,763	0	1,666
16,788	2	1,668
16,802	2	1,669
16,822	2	1,672
16,846	0	1,674
16,864	0	1,677
16,892	2	1,678
16,911	0	1,68
16,928	0	1,682
16,946	2	1,685
16,973	0	1,687
16,993	0	1,69
17,022	0	1,692
17,049	0	1,694
17,072	0	1,696
17,091	0	1,699
17,113	0	1,701
17,133	0	1,703
17,165	2	1,706
17,188	2	1,708
17,206	2	1,71
17,227	0	1,712
17,255	2	1,715
17,277	2	1,717
17,299	0	1,719
17,321	0	1,721
17,336	0	1,723
17,359	0	1,726
17,383	0	1,728
17,404	2	1,731
17,431	0	1,733
17,452	0	1,735
17,476	0	1,737
17,507	2	1,74
17,525	0	1,742
17,548	0	1,744
17,568	0	1,746
17,589	0	1,748
17,61	2	1,751
17,644	2	1,754
17,67	0	1,756
17,691	0	1,758
17,711	0	1,76
17,739	2	1,763
17,759	0	1,765
17,78	0	1,768
17,803	2	1,769
17,822	2	1,781
17,94	0	1,783
17,956	0	1,786
17,981	0	1,787
17,998	0	1,789
18,014	2	1,791
18,04	2	1,793
18,058	0	1,796
18,083	0	1,797
18,099	2	1,8
18,123	0	1,802
18,152	2	1,804
18,172	2	1,807
18,197	2	1,809
18,218	2	1,811
18,238	0	1,813
18,254	2	1,815
18,278	2	1,817
18,304	0	1,82
18,326	0	1,822
18,353	0	1,824
18,372	2	1,827
18,399	0	1,829
18,417	0	1,83
18,434	0	1,833
18,462	2	1,835
18,48	2	1,837
18,497	2	1,839
18,519	2	1,842
18,552	2	1,844
18,572	0	1,846
18,593	2	1,848
18,612	2	1,85
18,627	2	1,852
18,65	2	1,854
18,672	2	1,856
18,694	2	1,859
18,717	2	1,861
18,736	2	1,863
18,756	2	1,864
18,772	2	1,866
18,79	2	1,869
18,816	2	1,871
18,839	2	1,874
18,867	2	1,876
18,891	2	1,878
18,914	2	1,881
18,936	2	1,883
18,957	2	1,885
18,977	2	1,887
18,998	2	1,889
19,014	2	1,89
19,028	2	1,892
19,047	2	1,894
19,069	2	1,896
19,084	2	1,897
19,102	2	1,9
19,126	2	1,901
19,147	2	1,904
19,17	0	1,906
19,19	0	1,908
19,213	0	1,91
19,234	2	1,912
19,253	2	1,914
19,27	2	1,916
19,285	2	1,918
19,304	2	1,92
19,333	2	1,923
19,356	2	1,925
19,378	2	1,927
19,396	2	1,928
19,413	2	1,931
19,439	2	1,933
19,462	2	1,935
19,483	2	1,937
19,506	2	1,94
19,526	2	1,942
19,553	2	1,944
19,568	2	1,946
19,603	2	1,95
19,63	2	1,952
19,653	2	1,955
19,678	2	1,956
19,698	2	1,959
19,72	2	1,961
19,741	2	1,963
19,762	2	1,964
19,777	2	1,966
19,795	2	1,968
19,816	2	1,97
19,84	2	1,973
19,863	2	1,975
19,885	2	1,977
19,901	2	1,979
19,918	2	1,982
19,952	2	1,984
19,975	2	1,986
19,995	2	1,988
20,013	2	1,99
20,034	2	1,992
20,052	2	1,994
20,068	0	1,997
20,098	0	1,999
20,126	2	2,002
20,148	2	2,004
20,174	2	2,006
20,191	2	2,008
20,215	2	2,011
20,241	2	2,013
20,26	2	2,014
20,278	2	2,016
20,298	2	2,018
20,319	2	2,02
20,336	2	2,022
20,351	2	2,024
20,376	2	2,026
20,401	2	2,029
20,423	2	2,031
20,443	2	2,033
20,463	2	2,035
20,484	2	2,037
20,505	2	2,039
20,526	2	2,041
20,546	2	2,043
20,566	2	2,046
20,594	2	2,048
20,613	2	2,05
20,637	2	2,052
20,659	2	2,055
20,683	0	2,057
20,704	0	2,059
20,725	2	2,061
20,745	2	2,064
20,769	2	2,066
20,791	2	2,068
20,814	2	2,07
20,832	2	2,071
20,845	2	2,073
20,87	2	2,076
20,892	2	2,078
20,919	2	2,081
20,944	2	2,083
20,966	2	2,085
20,986	2	2,087
21,006	2	2,089
21,028	2	2,092
21,048	2	2,093
21,066	2	2,096
21,092	2	2,098
21,112	2	2,1
21,14	2	2,103
21,164	2	2,105
21,185	2	2,107
21,207	2	2,11
21,231	2	2,112
21,253	2	2,114
21,271	2	2,115
21,283	2	2,117
21,31	2	2,12
21,335	2	2,122
21,355	2	2,124
21,377	2	2,126
21,395	2	2,128
21,41	2	2,13
21,441	2	2,133
21,462	2	2,135
21,483	2	2,137
21,503	2	2,139
21,524	2	2,141
21,544	2	2,142
21,559	2	2,144
21,576	2	2,147
21,611	2	2,15
21,634	2	2,152
21,656	2	2,154
21,678	2	2,156
21,7	2	2,159
21,723	2	2,161
21,745	2	2,163
21,766	2	2,165
21,786	2	2,167
21,804	2	2,169
21,822	2	2,17
21,841	2	2,173
21,869	2	2,176
21,894	2	2,178
21,912	2	2,18
21,936	2	2,182
21,96	2	2,184
21,982	2	2,187
22,004	2	2,189
22,024	2	2,191
22,044	2	2,192
22,059	2	2,194
22,084	2	2,197
22,106	2	2,2
22,13	2	2,201
22,15	2	2,204
22,172	2	2,206
22,193	2	2,208
22,214	2	2,21
22,238	2	2,212
22,261	2	2,215
22,28	2	2,217
22,303	2	2,219
22,321	2	2,221
22,34	2	2,222
22,356	2	2,226
22,389	2	2,228
22,411	2	2,231
22,44	2	2,233
22,462	2	2,234
22,476	2	2,236
22,496	2	2,239
22,524	2	2,241
22,553	2	2,244
22,573	2	2,246
22,595	2	2,248
22,616	2	2,251
22,642	2	2,253
22,667	2	2,256
22,688	2	2,258
22,709	2	2,26
22,731	2	2,262
22,753	2	2,264
22,773	2	2,266
22,794	2	2,268
22,813	2	2,27
22,831	2	2,271
22,846	2	2,274
22,871	2	2,276
22,898	2	2,278
22,916	2	2,28
22,941	2	2,283
22,965	2	2,285
22,982	2	2,287
23,003	2	2,289
23,025	2	2,291
23,046	2	2,293
23,065	2	2,295
23,089	2	2,297
23,108	2	2,3
23,131	2	2,302
23,155	4	2,304
23,185	2	2,306
23,198	2	2,314
23,283	2	2,316
23,299	2	2,318
23,322	2	2,321
23,344	2	2,322
23,361	2	2,324
23,38	2	2,327
23,405	2	2,329
23,426	2	2,332
23,459	2	2,334
23,484	2	2,337
23,505	2	2,339
23,525	2	2,341
23,546	2	2,342
23,558	2	2,344
23,576	2	2,346
23,597	2	2,348
23,622	2	2,351
23,65	4	2,353
23,67	4	2,356
23,69	4	2,357
23,711	4	2,361
23,743	4	2,363
23,768	2	2,365
23,79	2	2,368
23,811	2	2,37
23,831	4	2,371
23,846	4	2,373
23,871	4	2,376
23,89	4	2,377
23,91	4	2,38
23,938	4	2,382
23,96	4	2,384
23,977	4	2,386
23,996	4	2,388
24,014	4	2,39
24,027	4	2,391
24,042	4	2,393
24,063	4	2,395
24,088	4	2,397
24,101	4	2,399
24,125	4	2,401
24,147	4	2,404
24,174	4	2,406
24,195	4	2,408
24,218	2	2,41
24,239	2	2,412
24,258	4	2,414
24,277	4	2,416
24,297	4	2,418
24,31	2	2,42
24,33	2	2,422
24,351	4	2,424
24,371	4	2,426
24,399	4	2,428
24,419	4	2,431
24,445	4	2,432
24,464	4	2,435
24,489	4	2,438
24,513	2	2,44
24,533	4	2,442
24,554	4	2,444
24,572	2	2,446
24,596	2	2,448
24,62	2	2,451
24,642	4	2,453
24,661	4	2,456
24,693	4	2,457
24,707	2	2,459
24,723	2	2,461
24,75	4	2,464
24,771	4	2,466
24,794	4	2,468
24,814	2	2,47
24,838	2	2,472
24,851	4	2,474
24,877	4	2,477
24,911	4	2,48
24,935	4	2,482
24,96	4	2,484
24,973	2	2,486
24,994	2	2,488
25,015	2	2,49
25,036	4	2,492
25,055	4	2,494
25,073	4	2,495
25,086	4	2,496
25,103	4	2,5
25,127	4	2,501
25,149	4	2,504
25,174	4	2,506
25,195	4	2,508
25,215	4	2,51
25,235	4	2,512
25,258	4	2,515
25,28	2	2,516
25,297	2	2,518
25,312	4	2,52
25,332	4	2,522
25,353	4	2,524
25,378	4	2,527
25,405	4	2,529
25,428	4	2,531
25,442	4	2,532
25,463	4	2,535
25,484	4	2,537
25,504	4	2,539
25,521	4	2,54
25,541	4	2,543
25,566	4	2,545
25,591	2	2,548
25,613	4	2,55
25,631	4	2,553
25,66	4	2,555
25,678	4	2,556
25,697	4	2,558
25,716	4	2,56
25,739	4	2,563
25,761	4	2,565
25,783	4	2,567
25,802	4	2,568
25,82	4	2,571
25,844	4	2,574
25,873	4	2,576
25,896	4	2,578
25,916	4	2,58
25,932	4	2,582
25,955	4	2,584
25,976	4	2,586
25,998	4	2,589
26,018	4	2,591
26,041	4	2,593
26,062	4	2,595
26,084	4	2,597
26,099	4	2,598
26,116	4	2,6
26,135	4	2,603
26,167	4	2,606
26,189	4	2,608
26,209	4	2,61
26,228	4	2,612
26,25	4	2,614
26,274	4	2,616
26,294	4	2,618
26,315	4	2,62
26,333	4	2,622
26,353	4	2,624
26,373	4	2,626
26,396	4	2,628
26,416	4	2,63
26,438	4	2,633
26,463	4	2,634
26,477	4	2,636
26,499	4	2,639
26,52	4	2,641
26,541	4	2,643
26,56	4	2,644
26,582	4	2,646
26,595	4	2,648
26,617	4	2,65
26,647	4	2,654
26,67	4	2,656
26,692	4	2,658
26,714	4	2,66
26,734	6	2,662
26,754	6	2,664
26,775	4	2,666
26,796	4	2,669
26,82	4	2,67
26,836	4	2,672
26,853	4	2,674
26,88	4	2,677
26,901	4	2,679
26,922	4	2,681
26,947	4	2,683
26,968	4	2,686
26,989	4	2,687
27,007	4	2,689
27,027	4	2,692
27,048	4	2,694
27,069	4	2,696
27,087	4	2,697
27,107	4	2,7
27,127	4	2,702
27,154	4	2,704
27,178	4	2,706
27,199	6	2,708
27,218	4	2,711
27,239	4	2,713
27,259	4	2,714
27,274	4	2,716
27,297	4	2,718
27,316	4	2,721
27,343	4	2,723
27,365	4	2,725
27,389	4	2,727
27,403	4	2,73
27,435	4	2,733
27,458	4	2,735
27,479	4	2,737
27,499	4	2,739
27,521	4	2,741
27,542	4	2,743
27,565	4	2,745
27,581	4	2,746
27,597	4	2,748
27,617	4	2,752
27,646	4	2,754
27,67	4	2,756
27,692	4	2,758
27,715	4	2,76
27,735	4	2,762
27,755	4	2,764
27,775	4	2,767
27,801	4	2,769
27,821	4	2,77
27,833	4	2,771
27,852	4	2,774
27,88	4	2,777
27,905	4	2,779
27,926	4	2,781
27,948	4	2,783
27,963	4	2,785
27,982	4	2,788
28,009	4	2,79
28,037	4	2,793
28,064	4	2,795
28,086	4	2,796
28,099	4	2,799
28,127	4	2,802
28,151	4	2,804
28,173	4	2,806
28,192	4	2,808
28,212	4	2,81
28,234	4	2,812
28,257	4	2,815
28,28	4	2,817
28,303	4	2,819
28,324	4	2,821
28,343	4	2,823
28,36	4	2,824
28,379	4	2,828
28,41	4	2,83
28,43	4	2,833
28,46	4	2,834
28,474	4	2,846
28,591	6	2,848
28,608	4	2,849
28,621	4	2,851
28,641	4	2,853
28,666	4	2,856
28,689	4	2,858
28,717	4	2,86
28,738	4	2,862
28,752	6	2,864
28,774	4	2,866
28,794	4	2,868
28,814	4	2,87
28,835	4	2,872
28,86	4	2,875
28,885	4	2,876
28,901	4	2,879
28,928	4	2,882
28,952	6	2,884
28,977	6	2,886
28,999	6	2,888
29,012	6	2,889
29,024	4	2,89
29,045	4	2,893
29,065	4	2,895
29,089	6	2,898
29,11	6	2,9
29,133	6	2,901
29,152	6	2,904
29,175	6	2,906
29,197	6	2,908
29,217	6	2,91
29,238	4	2,913
29,261	6	2,915
29,283	4	2,917
29,304	6	2,919
29,324	6	2,92
29,341	6	2,923
29,369	6	2,926
29,394	6	2,928
29,416	4	2,931
29,442	4	2,933
29,462	6	2,934
29,48	6	2,936
29,496	4	2,939
29,524	6	2,941
29,549	6	2,943
29,573	6	2,946
29,593	6	2,948
29,613	6	2,95
29,636	6	2,952
29,659	4	2,954
29,678	6	2,957
29,702	6	2,958
29,717	6	2,961
29,743	4	2,962
29,761	6	2,964
29,79	6	2,967
29,811	6	2,969
29,826	6	2,971
29,844	6	2,973
29,875	6	2,977
29,899	6	2,979
29,921	6	2,981
29,947	6	2,983
29,966	4	2,985
29,987	6	2,987
30,008	6	2,989
30,029	6	2,992
30,052	6	2,994
30,073	6	2,996
30,093	6	2,998
30,111	6	2,999
30,124	6	3,002
30,158	6	3,005
30,184	6	3,006
30,202	6	3,008
30,222	6	3,011
30,243	6	3,013
30,263	6	3,015
30,286	6	3,017
30,306	6	3,019
30,325	6	3,021
30,346	6	3,023
30,364	6	3,024
30,377	6	3,027
30,402	6	3,029
30,423	6	3,031
30,448	6	3,034
30,477	6	3,036
30,497	6	3,038
30,518	6	3,04
30,538	6	3,042
30,56	6	3,044
30,577	6	3,046
30,597	6	3,048
30,619	6	3,05
30,632	6	3,052
30,655	6	3,055
30,682	6	3,057
30,708	6	3,06
30,731	6	3,061
30,748	6	3,063
30,768	6	3,066
30,79	6	3,067
30,81	6	3,069
30,828	6	3,071
30,849	6	3,073
30,867	6	3,074
30,882	6	3,076
30,903	6	3,079
30,936	6	3,082
30,96	6	3,085
30,985	6	3,087
31,006	6	3,089
31,029	6	3,092
31,053	6	3,094
31,071	6	3,095
31,088	6	3,097
31,109	6	3,099
31,123	6	3,1
31,147	6	3,102
31,168	6	3,105
31,189	6	3,108
31,217	6	3,111
31,243	6	3,112
31,255	6	3,113
31,269	6	3,115
31,285	6	3,117
31,309	6	3,119
31,329	6	3,121
31,349	6	3,123
31,37	6	3,124
31,383	6	3,127
31,405	6	3,128
31,424	6	3,131
31,445	6	3,133
31,469	6	3,136
31,494	4	3,138
31,513	6	3,14
31,532	6	3,142
31,551	6	3,143
31,571	6	3,146
31,593	6	3,148
31,611	6	3,149
31,623	6	3,151
31,644	6	3,153
31,669	6	3,156
31,695	6	3,158
31,715	6	3,16
31,735	6	3,162
31,757	6	3,164
31,776	6	3,166
31,796	6	3,168
31,819	6	3,17
31,841	6	3,172
31,862	6	3,174
31,875	6	3,176
31,893	6	3,178
31,919	6	3,18
31,946	6	3,183
31,967	6	3,185
31,991	6	3,187
32,011	6	3,189
32,031	6	3,191
32,051	6	3,194
32,074	6	3,196
32,097	6	3,198
32,116	6	3,199
32,129	6	3,202
32,156	6	3,204
32,177	6	3,206
32,198	6	3,208
32,217	6	3,209
32,234	6	3,211
32,252	6	3,213
32,272	6	3,216
32,295	6	3,218
32,316	6	3,219
32,331	6	3,221
32,346	6	3,222
32,367	6	3,225
32,394	6	3,228
32,416	6	3,23
32,434	6	3,232
32,465	6	3,234
32,478	6	3,236
32,505	6	3,238
32,526	6	3,241
32,546	6	3,242
32,566	6	3,244
32,586	6	3,247
32,61	6	3,248
32,622	6	3,25
32,641	6	3,252
32,66	6	3,255
32,689	6	3,257
32,71	6	3,26
32,737	6	3,261
32,751	6	3,263
32,774	6	3,266
32,794	6	3,268
32,815	6	3,27
32,835	6	3,272
32,855	6	3,274
32,875	6	3,276
32,893	6	3,277
32,906	6	3,279
32,926	6	3,282
32,952	6	3,284
32,978	6	3,286
33	6	3,288
33,019	6	3,29
33,04	6	3,292
33,063	6	3,294
33,084	6	3,297
33,104	6	3,298
33,119	6	3,3
33,143	6	3,303
33,169	6	3,306
33,193	6	3,308
33,214	6	3,31
33,235	6	3,312
33,254	6	3,314
33,273	6	3,316
33,291	6	3,318
33,314	6	3,32
33,335	6	3,322
33,355	6	3,323
33,369	6	3,325
33,396	6	3,328
33,417	6	3,33
33,437	6	3,333
33,464	6	3,335
33,487	6	3,338
33,508	6	3,339
33,527	6	3,341
33,547	6	3,343
33,568	6	3,345
33,583	6	3,346
33,603	6	3,349
33,624	6	3,352
33,652	6	3,354
33,675	6	3,356
33,697	6	3,358
33,717	6	3,36
33,738	6	3,362
33,759	6	3,365
33,781	6	3,367
33,802	6	3,369
33,823	6	3,371
33,845	6	3,374
33,872	6	3,375
33,885	6	3,377
33,912	6	3,38
33,934	6	3,382
33,955	6	3,384
33,979	6	3,386
33,999	6	3,388
34,015	6	3,39
34,03	6	3,391
34,048	6	3,393
34,068	6	3,396
34,089	6	3,397
34,108	6	3,399
34,121	6	3,401
34,146	6	3,404
34,173	6	3,406
34,197	6	3,408
34,218	6	3,41
34,245	6	3,412
34,261	6	3,414
34,28	6	3,416
34,3	6	3,418
34,32	6	3,42
34,339	6	3,422
34,361	8	3,424
34,376	6	3,426
34,396	6	3,428
34,414	6	3,43
34,439	6	3,433
34,465	6	3,436
34,49	6	3,437
34,507	6	3,45
34,631	6	3,452
34,647	6	3,453
34,664	6	3,455
34,692	6	3,458
34,715	6	3,46
34,74	6	3,463
34,764	6	3,465
34,783	6	3,467
34,803	6	3,469
34,824	6	3,471
34,846	6	3,473
34,863	6	3,474
34,879	6	3,476
34,898	6	3,479
34,929	8	3,482
34,949	6	3,484
34,969	6	3,486
34,996	6	3,488
35,011	6	3,49
35,04	8	3,493
35,064	8	3,495
35,092	6	3,498
35,111	6	3,5
35,133	6	3,502
35,161	8	3,505
35,182	6	3,507
35,205	6	3,51
35,229	6	3,512
35,249	6	3,513
35,267	6	3,515
35,287	6	3,518
35,311	6	3,52
35,336	8	3,522
35,359	6	3,525
35,388	6	3,527
35,402	6	3,528
35,424	6	3,531
35,445	6	3,534
35,471	6	3,536
35,495	6	3,538
35,518	6	3,54
35,538	6	3,542
35,559	6	3,544
35,576	6	3,546
35,597	6	3,548
35,615	6	3,55
35,635	8	3,552
35,65	6	3,554
35,676	6	3,556
35,699	6	3,559
35,73	6	3,562
35,755	6	3,564
35,77	6	3,565
35,784	6	3,567
35,802	6	3,569
35,824	8	3,571
35,845	8	3,573
35,866	8	3,575
35,884	6	3,577
35,902	6	3,578
35,918	8	3,581
35,943	6	3,583
35,96	6	3,585
35,984	6	3,587
36,007	8	3,59
36,028	8	3,591
36,046	8	3,593
36,067	6	3,595
36,085	8	3,597
36,102	8	3,599
36,123	8	3,6
36,141	8	3,604
36,171	8	3,605
36,188	8	3,607
36,211	8	3,609
36,226	8	3,612
36,252	8	3,614
36,274	8	3,616
36,295	6	3,618
36,314	8	3,62
36,333	8	3,622
36,354	8	3,624
36,374	8	3,626
36,391	8	3,627
36,403	8	3,629
36,426	8	3,631
36,451	8	3,634
36,476	8	3,636
36,498	8	3,639
36,518	8	3,64
36,539	6	3,643
36,56	8	3,645
36,583	8	3,647
36,603	8	3,648
36,618	6	3,651
36,643	6	3,653
36,664	6	3,655
36,689	8	3,657
36,709	8	3,659
36,729	8	3,661
36,749	8	3,663
36,769	8	3,666
36,79	6	3,668
36,81	6	3,67
36,831	8	3,672
36,853	8	3,673
36,866	8	3,675
36,889	8	3,678
36,91	8	3,68
36,937	8	3,682
36,958	8	3,685
36,983	6	3,687
37,004	6	3,689
37,025	6	3,691
37,044	8	3,693
37,065	8	3,695
37,09	8	3,698
37,11	8	3,7
37,13	8	3,701
37,146	6	3,703
37,163	8	3,705
37,186	8	3,707
37,211	8	3,71
37,23	8	3,712
37,257	8	3,714
37,27	8	3,715
37,286	8	3,717
37,305	8	3,719
37,325	8	3,721
37,346	8	3,723
37,367	8	3,725
37,387	8	3,727
37,4	8	3,729
37,424	8	3,732
37,456	8	3,734
37,48	8	3,737
37,503	8	3,738
37,519	8	3,74
37,536	8	3,742
37,562	8	3,745
37,585	8	3,747
37,608	8	3,749
37,628	8	3,751
37,648	8	3,753
37,666	8	3,755
37,685	8	3,757
37,707	8	3,76
37,732	8	3,763
37,763	8	3,765
37,787	8	3,767
37,809	8	3,77
37,829	8	3,772
37,851	8	3,774
37,872	8	3,775
37,887	8	3,777
37,907	8	3,78
37,928	8	3,782
37,956	8	3,784
37,976	8	3,786
37,995	8	3,788
38,012	8	3,79
38,033	8	3,792
38,055	8	3,794
38,076	8	3,796
38,095	8	3,798
38,109	8	3,8
38,131	8	3,802
38,158	8	3,806
38,188	8	3,808
38,211	8	3,809
38,224	8	3,812
38,247	8	3,814
38,274	8	3,816
38,296	8	3,818
38,317	8	3,82
38,338	8	3,822
38,352	8	3,824
38,371	8	3,826
38,395	8	3,828
38,416	8	3,831
38,446	8	3,833
38,47	8	3,835
38,484	8	3,838
38,51	8	3,84
38,534	8	3,842
38,555	8	3,844
38,575	8	3,846
38,596	8	3,848
38,618	8	3,85
38,636	8	3,852
38,651	8	3,854
38,675	8	3,857
38,699	8	3,859
38,722	8	3,861
38,742	8	3,863
38,762	8	3,865
38,781	8	3,867
38,803	8	3,869
38,824	8	3,871
38,845	8	3,873
38,866	8	3,875
38,885	8	3,877
38,904	8	3,879
38,921	8	3,88
38,933	8	3,883
38,962	8	3,886
38,988	8	3,887
39,007	8	3,89
39,032	8	3,892
39,05	8	3,894
39,07	8	3,896
39,092	8	3,898
39,113	8	3,9
39,135	8	3,902
39,156	8	3,904
39,173	8	3,905
39,187	8	3,907
39,203	8	3,91
39,231	8	3,912
39,256	8	3,914
39,275	8	3,916
39,295	8	3,918
39,313	8	3,919
39,325	8	3,921
39,345	8	3,924
39,37	8	3,926
39,389	8	3,928
39,41	8	3,93
39,43	8	3,932
39,45	8	3,933
39,47	8	3,936
39,494	8	3,938
39,517	8	3,941
39,544	8	3,943
39,566	8	3,945
39,589	8	3,948
39,61	8	3,95
39,63	8	3,952
39,65	8	3,953
39,666	8	3,955
39,689	8	3,958
39,709	8	3,96
39,735	8	3,962
39,759	8	3,965
39,783	8	3,966
39,798	8	3,968
39,816	8	3,97
39,837	8	3,972
39,859	8	3,975
39,88	8	3,977
39,91	8	3,979
39,924	8	3,981
39,946	8	3,984
39,973	8	3,986
40	8	3,989
40,023	8	3,99
40,039	8	4,002
40,149	8	4,003
40,166	8	4,005
40,181	10	4,008
40,213	8	4,01
40,235	8	4,013
40,266	8	4,015
40,29	8	4,018
40,314	8	4,02
40,336	8	4,022
40,357	8	4,024
40,38	8	4,026
40,395	8	4,027
40,409	8	4,029
40,433	8	4,032
40,455	10	4,034
40,483	10	4,036
40,511	8	4,039
40,525	8	4,041
40,549	8	4,044
40,573	8	4,046
40,598	10	4,048
40,619	10	4,05
40,64	8	4,052
40,659	8	4,054
40,672	8	4,056
40,704	8	4,06
40,732	8	4,061
40,758	8	4,064
40,781	8	4,066
40,802	8	4,068
40,82	8	4,07
40,842	8	4,073
40,865	8	4,075
40,885	8	4,076
40,899	8	4,078
40,923	8	4,081
40,945	8	4,083
40,967	8	4,085
40,991	8	4,088
41,009	8	4,09
41,03	8	4,092
41,056	8	4,094
41,077	8	4,096
41,095	8	4,098
41,114	8	4,1
41,144	8	4,102
41,16	8	4,105
41,183	8	4,106
41,205	8	4,109
41,23	8	4,111
41,254	8	4,114
41,276	8	4,116
41,295	8	4,118
41,316	10	4,12
41,336	8	4,122
41,356	8	4,123
41,368	8	4,126
41,398	8	4,128
41,416	8	4,13
41,439	8	4,132
41,461	10	4,134
41,484	8	4,136
41,498	8	4,138
41,523	8	4,141
41,545	8	4,144
41,573	10	4,146
41,593	10	4,148
41,613	8	4,15
41,634	8	4,152
41,654	8	4,153
41,669	8	4,156
41,695	8	4,158
41,722	8	4,161
41,745	10	4,162
41,768	10	4,165
41,786	10	4,167
41,805	10	4,169
41,829	8	4,172
41,853	10	4,174
41,878	10	4,177
41,902	8	4,178
41,921	8	4,18
41,939	8	4,183
41,964	8	4,184
41,987	8	4,187
42,01	8	4,189
42,032	8	4,192
42,055	8	4,194
42,078	10	4,196
42,099	8	4,198
42,121	8	4,2
42,139	10	4,202
42,152	10	4,204
42,179	10	4,206
42,207	8	4,209
42,226	8	4,211
42,258	8	4,213
42,273	8	4,215
42,291	8	4,218
42,314	8	4,219
42,331	10	4,221
42,352	10	4,223
42,369	10	4,225
42,388	10	4,226
42,401	10	4,229
42,423	10	4,231
42,449	10	4,233
42,47	10	4,236
42,495	10	4,238
42,515	10	4,24
42,538	8	4,242
42,559	10	4,244
42,58	10	4,246
42,601	10	4,248
42,623	10	4,25
42,643	10	4,253
42,667	10	4,254
42,68	10	4,256
42,707	10	4,259
42,726	10	4,261
42,751	10	4,263
42,772	10	4,266
42,797	10	4,268
42,819	10	4,27
42,84	10	4,272
42,855	10	4,274
42,875	8	4,276
42,894	8	4,278
42,917	10	4,28
42,943	10	4,283
42,97	10	4,285
42,985	10	4,287
43,009	10	4,289
43,028	10	4,291
43,047	10	4,293
43,067	10	4,295
43,091	10	4,297
43,112	10	4,299
43,133	10	4,301
43,153	10	4,303
43,172	10	4,305
43,186	10	4,308
43,215	10	4,31
43,241	10	4,312
43,269	10	4,315
43,294	10	4,317
43,315	10	4,319
43,333	10	4,321
43,353	10	4,323
43,376	10	4,326
43,399	10	4,328
43,424	10	4,33
43,442	10	4,332
43,455	10	4,334
43,484	10	4,337
43,51	10	4,339
43,531	10	4,342
43,558	10	4,344
43,573	10	4,345
43,594	10	4,347
43,612	10	4,349
43,632	10	4,351
43,655	10	4,354
43,677	10	4,356
43,708	10	4,358
43,723	10	4,36
43,745	10	4,362
43,77	10	4,365
43,794	10	4,367
43,813	10	4,369
43,833	10	4,372
43,855	10	4,373
43,875	10	4,375
43,892	10	4,377
43,915	10	4,379
43,929	10	4,38
43,946	10	4,383
43,973	10	4,386
43,996	10	4,388
44,024	10	4,39
44,044	10	4,392
44,057	10	4,394
44,077	10	4,396
44,099	10	4,398
44,118	10	4,4
44,139	10	4,402
44,164	10	4,404
44,184	10	4,407
44,209	10	4,409
44,23	10	4,411
44,252	10	4,414
44,276	10	4,416
44,296	10	4,418
44,317	10	4,42
44,339	10	4,422
44,361	10	4,425
44,386	10	4,427
44,409	10	4,429
44,43	10	4,431
44,447	10	4,432
44,466	10	4,435
44,493	10	4,438
44,517	10	4,44
44,537	10	4,442
44,56	10	4,444
44,58	10	4,446
44,603	10	4,448
44,622	10	4,45
44,642	10	4,452
44,662	10	4,454
44,678	10	4,456
44,705	10	4,458
44,725	10	4,46
44,749	10	4,464
44,777	10	4,466
44,799	10	4,468
44,818	10	4,47
44,838	10	4,472
44,858	10	4,474
44,876	10	4,476
44,896	10	4,478
44,916	10	4,479
44,929	10	4,481
44,947	10	4,483
44,964	10	4,486
44,992	10	4,487
45,008	10	4,49
45,036	10	4,491
45,049	10	4,494
45,079	10	4,496
45,1	10	4,498
45,12	10	4,5
45,14	10	4,503
45,162	10	4,505
45,183	10	4,507
45,201	10	4,508
45,214	10	4,51
45,244	10	4,512
45,266	10	4,515
45,29	10	4,517
45,31	10	4,519
45,33	10	4,522
45,351	10	4,524
45,372	10	4,526
45,392	10	4,528
45,411	10	4,53
45,433	10	4,532
45,456	10	4,534
45,472	10	4,535
45,491	10	4,539
45,522	10	4,541
45,545	10	4,543
45,566	10	4,545
45,586	10	4,547
45,605	10	4,548
45,621	10	4,55
45,639	10	4,552
45,661	10	4,555
45,683	10	4,558
45,71	10	4,559
45,724	10	4,57
45,842	10	4,572
45,856	10	4,574
45,873	10	4,577
45,904	10	4,579
45,922	10	4,58
45,946	10	4,583
45,966	10	4,585
45,984	10	4,586
45,997	10	4,588
46,019	10	4,59
46,04	10	4,592
46,062	10	4,594
46,082	10	4,596
46,103	10	4,598
46,125	10	4,601
46,145	10	4,603
46,166	10	4,605
46,187	10	4,607
46,207	10	4,608
46,219	10	4,61
46,246	10	4,613
46,275	10	4,616
46,298	10	4,618
46,318	10	4,62
46,338	10	4,622
46,358	10	4,624
46,379	10	4,626
46,392	10	4,627
46,411	10	4,629
46,432	10	4,631
46,451	10	4,633
46,47	10	4,636
46,497	10	4,638
46,521	10	4,64
46,541	10	4,642
46,566	10	4,645
46,587	10	4,647
46,607	10	4,649
46,628	10	4,651
46,646	10	4,653
46,666	10	4,655
46,687	10	4,657
46,707	10	4,658
46,725	10	4,661
46,75	10	4,663
46,772	10	4,666
46,795	10	4,668
46,818	10	4,67
46,84	10	4,672
46,86	10	4,674
46,882	10	4,676
46,904	10	4,678
46,919	10	4,68
46,944	10	4,683
46,967	10	4,685
46,991	10	4,687
47,017	10	4,69
47,041	10	4,692
47,055	10	4,694
47,075	10	4,696
47,094	10	4,698
47,114	12	4,7
47,135	12	4,702
47,154	10	4,704
47,176	10	4,705
47,189	10	4,708
47,214	10	4,709
47,237	12	4,712
47,257	10	4,714
47,276	10	4,716
47,302	10	4,719
47,325	10	4,72
47,342	10	4,722
47,369	10	4,726
47,393	12	4,728
47,413	10	4,73
47,431	10	4,731
47,443	12	4,732
47,46	10	4,735
47,487	10	4,737
47,511	10	4,74
47,534	10	4,742
47,557	10	4,743
47,575	10	4,746
47,598	12	4,748
47,617	10	4,75
47,638	10	4,753
47,662	12	4,755
47,682	12	4,756
47,695	10	4,758
47,719	10	4,76
47,743	12	4,762
47,762	12	4,764
47,784	10	4,767
47,807	10	4,769
47,824	12	4,771
47,844	12	4,773
47,871	12	4,776
47,894	12	4,778
47,916	12	4,78
47,936	12	4,782
47,952	12	4,783
47,973	12	4,786
47,994	10	4,788
48,016	12	4,79
48,039	12	4,794
48,071	12	4,795
48,088	12	4,797
48,107	12	4,8
48,134	12	4,802
48,155	6	4,804
48,176	0	4,806
48,194	0	4,808
48,212	0	4,81
48,234	0	4,813
48,265	0	4,815
48,285	0	4,817
48,308	0	4,819
48,329	0	4,821
48,352	0	4,824
48,374	0	4,826
48,396	0	4,828
48,414	0	4,83
48,431	0	4,832
48,455	0	4,834
48,475	0	4,837
48,503	0	4,838
48,522	0	4,841
48,548	0	4,843
48,563	0	4,844
48,583	0	4,846
48,596	0	4,847
48,608	0	4,848
48,621	0	4,85
48,64	0	4,852
48,661	0	4,854
48,684	0	4,856
48,7	0	4,857
48,712	0	4,86
48,744	0	4,862
48,766	0	4,865
48,788	0	4,867
48,808	0	4,869
48,83	0	4,871
48,852	0	4,873
48,871	0	4,875
48,891	0	4,877
48,913	0	4,879
48,928	0	4,881
48,947	0	4,883
48,971	0	4,886
48,997	0	4,887
49,016	0	4,89
49,036	0	4,891
49,052	0	4,894
49,076	0	4,896
49,101	0	4,898
49,122	0	4,9
49,145	0	4,903
49,167	0	4,905
49,189	0	4,907
49,21	0	4,908
49,228	0	4,911
49,256	0	4,914
49,28	0	4,916
49,304	0	4,919
49,326	0	4,921
49,349	0	4,923
49,368	0	4,925
49,39	0	4,927
49,41	0	4,929
49,434	0	4,931
49,45	0	4,932
49,465	0	4,934
49,485	0	4,936
49,503	0	4,939
49,528	0	4,942
49,555	0	4,944
49,576	0	4,945
49,589	0	4,947
49,617	0	4,95
49,641	0	4,952
49,662	0	4,954
49,683	0	4,957
49,708	0	4,958
49,724	0	4,962
49,756	0	4,964
49,778	0	4,966
49,8	0	4,968
49,821	0	4,97
49,842	0	4,972
49,859	0	4,973
49,872	0	4,976
49,896	0	4,978
49,917	0	4,981
49,947	0	4,983
49,966	0	4,984
49,985	0	4,987
50,006	0	4,988
50,028	0	4,992
50,057	0	4,994
50,078	0	4,996
50,101	0	4,998
50,122	0	5
50,143	0	5,003
50,166	0	5,005
50,185	0	5,006
50,198	0	5,008
50,221	0	5,01
50,247	0	5,013
50,271	0	5,015
50,292	0	5,017
50,313	0	5,019
50,334	0	5,021
50,353	0	5,024
50,376	0	5,026
50,396	0	5,028
50,417	0	5,03
50,437	0	5,032
50,457	0	5,034
50,474	0	5,036
50,494	0	5,038
50,521	0	5,04
50,548	0	5,043
50,568	0	5,045
50,59	0	5,047
50,61	0	5,049
50,632	0	5,051
50,653	0	5,053
50,668	0	5,055
50,69	0	5,057
50,71	0	5,06
50,741	0	5,062
50,771	0	5,065
50,785	0	5,066
50,803	0	5,068
50,822	0	5,07
50,841	0	5,072
50,862	0	5,074
50,881	0	5,076
50,903	0	5,078
50,924	0	5,08
50,944	0	5,082
50,964	0	5,084
50,984	0	5,087
51,011	0	5,089
51,037	0	5,092
51,063	0	5,094
51,08	0	5,096
51,095	0	5,097
51,113	0	5,099
51,132	0	5,101
51,152	0	5,114
51,273	0	5,115
51,291	0	5,117
51,308	0	5,119
51,332	0	5,122
51,354	0	5,123
51,374	0	5,125
51,394	0	5,128
51,416	0	5,13
51,437	0	5,132
51,459	0	5,133
51,477	0	5,136
51,495	0	5,138
51,518	0	5,141
51,549	0	5,144
51,575	0	5,145
51,588	0	5,146
51,607	0	5,149
51,628	0	5,151
51,65	0	5,152
51,665	0	5,154
51,68	0	5,156
51,707	0	5,158
51,725	0	5,16
51,741	0	5,162
51,763	0	5,164
51,777	0	5,165
51,789	0	5,167
51,806	0	5,169
51,825	0	5,171
51,845	0	5,173
51,866	0	5,175
51,887	0	5,177
51,909	0	5,179
51,931	0	5,181
51,95	0	5,182
51,962	0	5,185
51,987	0	5,187
52,011	0	5,189
52,037	0	5,192
52,055	0	5,194
52,081	0	5,196
52,098	0	5,198
52,121	0	5,201
52,146	0	5,203
52,171	0	5,205
52,193	0	5,207
52,207	0	5,208
52,229	0	5,21
52,249	0	5,213
52,268	0	5,214
52,283	0	5,217
52,311	0	5,219
52,332	0	5,222
52,354	0	5,224
52,377	0	5,226
52,396	0	5,228
52,417	0	5,23
52,437	0	5,231
52,452	0	5,233
52,47	0	5,235
52,494	0	5,237
52,515	0	5,241
52,548	0	5,243
52,571	0	5,244
52,585	0	5,246
52,604	0	5,248
52,622	0	5,25
52,642	0	5,252
52,663	0	5,254
52,686	0	5,257
52,71	0	5,259
52,733	0	5,26
52,746	0	5,262
52,768	0	5,265
52,793	0	5,267
52,817	0	5,27
52,84	0	5,272
52,863	0	5,274
52,883	0	5,276
52,904	0	5,278
52,926	0	5,28
52,945	0	5,282
52,959	0	5,284
52,983	0	5,286
53,008	0	5,289
53,029	0	5,292
53,059	0	5,293
53,083	0	5,296
53,098	0	5,297
53,118	0	5,3
53,143	0	5,303
53,169	0	5,305
53,191	0	5,307
53,206	0	5,308
53,225	0	5,31
53,245	0	5,313
53,271	0	5,316
53,297	0	5,318
53,319	0	5,319
53,332	0	5,321
53,353	0	5,323
53,372	0	5,325
53,392	0	5,327
53,411	0	5,329
53,435	0	5,332
53,456	0	5,334
53,476	0	5,335
53,489	0	5,336
53,505	0	5,339
53,536	0	5,342
53,563	0	5,344
53,587	0	5,346
53,609	0	5,348
53,627	0	5,351
53,651	0	5,353
53,67	0	5,355
53,69	0	5,357
53,712	0	5,359
53,731	0	5,36
53,745	0	5,363
53,772	0	5,366
53,8	0	5,368
53,825	0	5,371
53,854	0	5,373
53,875	0	5,375
53,894	0	5,377
53,914	0	5,379
53,933	0	5,381
53,951	0	5,382
53,964	0	5,385
54	0	5,388
54,021	0	5,39
54,041	0	5,392
54,064	0	5,394
54,085	0	5,397
54,107	0	5,398
54,121	0	5,4
54,144	0	5,402
54,169	0	5,405
54,192	0	5,407
54,212	0	5,409
54,235	0	5,41
54,248	0	5,412
54,267	0	5,415
54,293	0	5,417
54,314	0	5,42
54,345	0	5,423
54,369	0	5,424
54,384	0	5,426
54,404	0	5,428
54,424	0	5,43
54,443	0	5,432
54,476	0	5,435
54,495	0	5,438
54,52	0	5,439
54,533	0	5,442
54,561	0	5,445
54,588	0	5,447
54,61	0	5,449
54,631	0	5,451
54,652	0	5,453
54,672	0	5,455
54,693	0	5,457
54,711	0	5,459
54,73	0	5,46
54,742	0	5,463
54,77	0	5,465
54,791	0	5,468
54,817	0	5,47
54,839	0	5,472
54,858	0	5,474
54,878	0	5,476
54,9	0	5,478
54,922	0	5,48
54,943	0	5,482
54,955	0	5,483
54,971	0	5,485
54,992	0	5,487
55,017	0	5,49
55,046	0	5,492
55,065	0	5,494
55,086	0	5,497
55,108	0	5,499
55,128	0	5,501
55,148	0	5,503
55,169	0	5,505
55,19	0	5,507
55,204	0	5,509
55,225	0	5,511
55,251	0	5,514
55,279	0	5,516
55,302	0	5,518
55,323	0	5,52
55,346	0	5,522
55,366	0	5,524
55,384	0	5,526
55,396	0	5,528
55,417	0	5,53
55,44	0	5,533
55,467	0	5,535
55,489	0	5,537
55,513	0	5,539
55,527	0	5,54
55,55	0	5,543
55,569	0	5,546
55,597	0	5,548
55,617	0	5,55
55,637	0	5,552
55,657	0	5,554
55,677	0	5,556
55,697	0	5,558
55,717	0	5,559
55,732	0	5,561
55,751	0	5,564
55,779	0	5,566
55,803	0	5,569
55,827	0	5,571
55,849	0	5,572
55,863	0	5,574
55,884	0	5,576
55,907	0	5,579
55,929	0	5,582
55,953	0	5,584
55,973	0	5,586
55,994	0	5,587
56,01	0	5,59
56,038	0	5,592
56,063	0	5,595
56,089	0	5,597
56,111	0	5,599
56,128	0	5,601
56,148	0	5,603
56,171	0	5,605
56,193	0	5,608
56,213	0	5,609
56,232	0	5,611
56,252	0	5,613
56,267	0	5,615
56,289	0	5,618
56,314	0	5,62
56,338	0	5,623
56,365	0	5,625
56,387	0	5,627
56,406	0	5,629
56,425	0	5,631
56,445	0	5,632
56,458	0	5,635
56,49	0	5,637
56,508	0	5,64
56,536	0	5,643
56,564	0	5,644
56,579	0	5,646
56,596	0	5,648
56,618	0	5,65
56,639	0	5,652
56,661	0	5,654
56,682	0	5,656
56,702	0	5,658
56,722	0	5,66
56,737	0	5,672
56,854	0	5,674
56,876	0	5,675
56,889	0	5,677
56,914	0	5,68
56,935	0	5,683
56,967	0	5,685
56,987	0	5,687
57,014	0	5,689
57,029	0	5,691
57,047	0	5,693
57,074	0	5,696
57,097	0	5,698
57,118	0	5,7
57,139	0	5,702
57,161	0	5,704
57,181	0	5,706
57,196	0	5,707
57,209	0	5,709
57,229	0	5,711
57,257	0	5,714
57,282	0	5,717
57,311	0	5,719
57,327	0	5,72
57,339	0	5,723
57,367	0	5,725
57,391	0	5,727
57,411	0	5,73
57,435	0	5,732
57,454	0	5,734
57,472	0	5,735
57,491	0	5,737
57,508	0	5,739
57,531	0	5,742
57,562	0	5,744
57,583	0	5,747
57,606	0	5,749
57,625	0	5,751
57,646	0	5,753
57,665	0	5,755
57,687	0	5,756
57,702	0	5,758
57,719	0	5,76
57,739	0	5,762
57,763	0	5,764
57,782	0	5,766
57,802	0	5,768
57,822	0	5,771
57,845	0	5,773
57,865	0	5,775
57,886	0	5,777
57,902	0	5,779
57,924	0	5,781
57,944	0	5,783
57,963	0	5,785
57,985	0	5,787
58,003	0	5,788
58,016	0	5,79
58,039	0	5,793
58,067	0	5,795
58,091	0	5,798
58,12	0	5,8
58,136	0	5,801
58,149	0	5,803
58,17	0	5,805
58,189	0	5,807
58,209	0	5,81
58,236	0	5,812
58,255	0	5,813
58,268	0	5,816
58,293	0	5,818
58,31	0	5,82
58,335	0	5,822
58,365	0	5,825
58,386	0	5,827
58,408	0	5,829
58,429	0	5,832
58,452	0	5,833
58,47	0	5,835
58,489	0	5,837
58,511	0	5,84
58,531	0	5,841
58,554	0	5,844
58,581	0	5,846
58,602	0	5,848
58,615	0	5,85
58,639	0	5,853
58,673	0	5,855
58,689	0	5,856
58,705	0	5,858
58,723	0	5,86
58,736	0	5,862
58,761	0	5,864
58,779	0	5,867
58,814	0	5,87
58,831	0	5,872
58,852	0	5,873
58,872	0	5,875
58,89	0	5,876
58,903	0	5,878
58,916	0	5,879
58,928	0	5,88
58,94	0	5,881
58,952	0	5,882
58,964	0	5,884
58,976	0	5,885
58,988	0	5,886
59	0	5,888
59,013	0	5,889
59,03	0	5,891
59,049	0	5,894
59,079	0	5,896
59,099	0	5,898
59,117	0	5,9
59,139	0	5,902
59,153	0	5,904
59,179	0	5,906
59,196	0	5,908
59,217	0	5,91
59,236	0	5,913
59,266	0	5,915
59,288	0	5,917
59,303	0	5,92
59,332	0	5,922
59,359	0	5,924
59,377	0	5,926
59,397	0	5,928
59,418	0	5,93
59,437	0	5,932
59,459	0	5,934
59,476	0	5,935
59,496	0	5,938
59,52	0	5,94
59,542	0	5,943
59,566	0	5,945
59,588	0	5,948
59,617	0	5,949
59,63	0	5,951
59,655	0	5,954
59,675	0	5,956
59,7	0	5,958
59,722	0	5,96
59,742	0	5,962
59,757	0	5,963
59,769	0	5,966
59,796	0	5,968
59,818	0	5,971
59,845	0	5,973
59,866	0	5,975
59,885	0	5,977
59,905	0	5,979
59,926	0	5,981
59,948	0	5,984
59,974	0	5,986
59,996	0	5,987
60,01	0	5,988
60,028	0	5,991
60,056	0	5,994
60,081	0	5,996
60,102	0	5,999
60,124	0	6,001
60,143	0	6,003
60,165	0	6,005
60,184	0	6,007
60,205	0	6,009
60,227	0	6,011
60,251	0	6,013
60,264	0	6,014
60,287	0	6,016
60,306	0	6,02
60,333	0	6,022
60,358	0	6,024
60,383	0	6,027
60,405	0	6,029
60,425	0	6,031
60,446	0	6,033
60,466	0	6,034
60,481	0	6,037
60,508	0	6,039
60,528	0	6,041
60,553	0	6,044
60,576	0	6,046
60,602	0	6,048
60,62	0	6,05
60,64	0	6,052
60,66	0	6,054
60,681	0	6,056
60,7	0	6,058
60,721	0	6,06
60,741	0	6,062
60,757	0	6,064
60,773	0	6,066
60,798	0	6,068
60,819	0	6,071
60,845	0	6,073
60,868	0	6,075
60,891	0	6,077
60,912	0	6,08
60,933	0	6,082
60,954	0	6,084
60,975	0	6,086
60,994	0	6,087
61,011	0	6,089
61,027	0	6,091
61,053	0	6,094
61,082	0	6,096
61,103	0	6,098
61,122	0	6,1
61,14	0	6,102
61,158	0	6,104
61,178	0	6,106
61,2	0	6,108
61,22	0	6,11
61,242	0	6,112
61,255	0	6,114
61,276	0	6,116
61,299	0	6,118
61,323	0	6,121
61,349	0	6,123
61,372	0	6,125
61,389	0	6,127
61,41	0	6,129
61,432	0	6,131
61,452	0	6,133
61,473	0	6,135
61,495	0	6,138
61,516	0	6,139
61,535	0	6,141
61,554	0	6,144
61,587	0	6,147
61,612	0	6,149
61,635	0	6,151
61,647	0	6,152
61,665	0	6,154
61,679	0	6,156
61,704	0	6,158
61,72	0	6,16
61,741	0	6,162
61,766	0	6,164
61,792	0	6,168
61,816	0	6,17
61,834	0	6,172
61,854	0	6,173
61,874	0	6,175
61,893	0	6,177
61,913	0	6,179
61,934	0	6,181
61,956	0	6,184
61,977	0	6,186
61,999	0	6,188
62,021	0	6,19
62,036	0	6,191
62,052	0	6,193
62,077	0	6,196
62,102	0	6,198
62,123	0	6,2
62,142	0	6,202
62,161	0	6,204
62,182	0	6,206
62,205	0	6,208
62,224	0	6,21
62,239	0	6,212
62,26	0	6,214
62,292	0	6,217
62,316	0	6,219
62,335	0	6,221
62,355	0	6,223
62,37	0	6,225
62,392	0	6,227
62,415	0	6,229
62,435	0	6,232
62,456	0	6,234
62,478	0	6,236
62,499	0	6,237
62,513	0	6,238
62,531	0	6,241
62,553	0	6,243
62,575	0	6,246
62,599	0	6,248
62,622	0	6,25
62,642	0	6,251
62,66	0	6,254
62,68	0	6,256
62,698	0	6,258
62,719	0	6,26
62,741	0	6,262
62,767	0	6,264
62,782	0	6,276
62,9	0	6,278
62,921	0	6,28
62,94	0	6,282
62,963	0	6,284
62,984	0	6,286
63,004	0	6,288
63,017	0	6,289
63,04	0	6,292
63,06	0	6,294
63,088	0	6,296
63,109	0	6,299
63,13	0	6,3
63,148	0	6,302
63,164	0	6,304
63,182	0	6,306
63,204	0	6,308
63,222	0	6,31
63,245	0	6,312
63,266	0	6,314
63,287	0	6,316
63,299	0	6,318
63,319	0	6,32
63,348	0	6,323
63,371	0	6,325
63,389	0	6,326
63,408	0	6,328
63,428	0	6,331
63,452	0	6,333
63,473	0	6,335
63,494	0	6,337
63,511	0	6,338
63,53	0	6,341
63,55	0	6,343
63,572	0	6,345
63,596	0	6,348
63,618	0	6,35
63,64	0	6,352
63,659	0	6,354
63,682	0	6,356
63,702	0	6,358
63,722	0	6,36
63,742	0	6,362
63,763	0	6,364
63,783	0	6,366
63,797	0	6,368
63,82	0	6,37
63,844	0	6,373
63,873	0	6,375
63,895	0	6,377
63,918	0	6,379
63,932	0	6,382
63,958	0	6,384
63,981	0	6,386
64	0	6,388
64,017	0	6,39
64,042	0	6,392
64,069	0	6,394
64,082	0	6,396
64,105	0	6,399
64,134	0	6,402
64,16	0	6,404
64,182	0	6,406
64,202	0	6,408
64,222	0	6,41
64,243	0	6,412
64,259	0	6,414
64,28	0	6,416
64,296	0	6,418
64,317	0	6,42
64,346	0	6,423
64,374	0	6,425
64,394	0	6,427
64,412	0	6,429
64,433	0	6,431
64,457	0	6,434
64,479	0	6,436
64,498	0	6,437
64,513	0	6,439
64,537	0	6,442
64,556	0	6,444
64,578	0	6,446
64,604	0	6,449
64,628	0	6,45
64,643	0	6,452
64,663	0	6,454
64,686	0	6,456
64,708	0	6,459
64,729	0	6,461
64,751	0	6,463
64,772	0	6,464
64,786	0	6,467
64,809	0	6,468
64,826	0	6,471
64,855	0	6,474
64,879	0	6,476
64,902	0	6,478
64,92	0	6,48
64,94	0	6,482
64,962	0	6,484
64,984	0	6,486
65,004	0	6,488
65,017	0	6,489
65,033	0	6,491
65,055	0	6,494
65,078	0	6,496
65,099	0	6,497
65,123	0	6,5
65,144	0	6,502
65,157	0	6,503
65,177	0	6,506
65,197	0	6,508
65,219	0	6,51
65,241	0	6,512
65,257	0	6,513
65,28	0	6,515
65,293	0	6,516
65,307	0	6,518
65,329	0	6,521
65,351	0	6,524
65,378	0	6,526
65,397	0	6,528
65,419	0	6,53
65,44	0	6,532
65,461	0	6,534
65,483	0	6,536
65,502	0	6,537
65,514	0	6,539
65,541	0	6,542
65,562	0	6,544
65,587	0	6,547
65,61	0	6,548
65,628	0	6,551
65,649	0	6,552
65,667	0	6,554
65,687	0	6,556
65,706	0	6,558
65,725	0	6,56
65,748	0	6,563
65,768	0	6,565
65,788	0	6,566
65,802	0	6,569
65,829	0	6,571
65,852	0	6,573
65,878	0	6,575
65,897	0	6,577
65,915	0	6,579
65,936	0	6,582
65,957	0	6,584
65,979	0	6,586
66	0	6,587
66,014	0	6,589
66,038	0	6,592
66,063	0	6,594
66,087	0	6,596
66,11	0	6,599
66,139	0	6,601
66,153	0	6,603
66,177	0	6,605
66,196	0	6,607
66,217	0	6,609
66,237	0	6,612
66,258	0	6,614
66,285	0	6,616
66,3	0	6,618
66,318	0	6,62
66,341	0	6,622
66,36	0	6,623
66,378	0	6,626
66,41	0	6,629
66,431	0	6,631
66,456	0	6,633
66,474	0	6,634
66,486	0	6,636
66,498	0	6,637
66,515	0	6,638
66,527	0	6,64
66,539	0	6,641
66,551	0	6,642
66,563	0	6,645
66,587	0	6,646
66,599	0	6,647
66,611	0	6,648
66,624	0	6,65
66,642	0	6,652
66,661	0	6,654
66,679	0	6,655
66,692	0	6,656
66,704	0	6,657
66,716	0	6,658
66,728	0	6,66
66,74	0	6,661
66,752	0	6,662
66,764	0	6,663
66,776	0	6,666
66,8	0	6,667
66,813	0	6,67
66,841	0	6,671
66,857	0	6,673
66,877	0	6,675
66,889	0	6,676
66,901	0	6,677
66,913	0	6,678
66,925	0	6,679
66,937	0	6,68
66,949	0	6,682
66,961	0	6,683
66,973	0	6,684
66,985	0	6,685
66,997	0	6,687
67,01	0	6,688
67,022	0	6,689
67,034	0	6,69
67,046	0	6,693
67,074	0	6,696
67,104	0	6,698
67,117	0	6,7
67,137	0	6,701
67,149	0	6,702
67,161	0	6,704
67,179	0	6,705
67,191	0	6,706
67,203	0	6,707
67,215	0	6,708
67,227	0	6,71
67,239	0	6,711
67,251	0	6,712
67,263	0	6,713
67,275	0	6,714
67,287	0	6,716
67,304	0	6,718
67,324	0	6,719
67,34	0	6,722
67,358	0	6,724
67,386	0	6,726
67,405	0	6,728
67,424	0	6,73
67,444	0	6,732
67,464	0	6,734
67,483	0	6,736
67,5	0	6,737
67,514	0	6,738
67,529	0	6,741
67,552	0	6,743
67,576	0	6,745
67,602	0	6,748
67,623	0	6,75
67,638	0	6,752
67,659	0	6,754
67,679	0	6,756
67,699	0	6,758
67,72	0	6,76
67,74	0	6,762
67,761	0	6,763
67,777	0	6,765
67,79	0	6,768
67,825	0	6,77
67,848	0	6,772
67,869	0	6,775
67,892	0	6,777
67,91	0	6,779
67,931	0	6,781
67,952	0	6,783
67,973	0	6,785
67,994	0	6,787
68,011	0	6,788
68,027	0	6,79
68,047	0	6,793
68,073	0	6,795
68,096	0	6,797
68,115	0	6,8
68,141	0	6,801
68,158	0	6,804
68,183	0	6,806
68,206	0	6,808
68,225	0	6,81
68,246	0	6,813
68,269	0	6,814
68,287	0	6,816
68,3	0	6,818
68,325	0	6,82
68,345	0	6,823
68,372	0	6,825
68,394	0	6,827
68,414	0	6,829
68,43	0	6,83
68,445	0	6,841
68,552	0	6,843
68,574	0	6,845
68,591	0	6,846
68,603	0	6,848
68,626	0	6,85
68,653	0	6,853
68,675	0	6,855
68,697	0	6,857
68,716	0	6,86
68,739	0	6,861
68,757	0	6,863
68,778	0	6,865
68,794	0	6,867
68,816	0	6,87
68,84	0	6,872
68,867	0	6,874
68,887	0	6,876
68,909	0	6,878
68,929	0	6,88
68,95	0	6,882
68,972	0	6,885
68,993	0	6,886
69,01	0	6,888
69,032	0	6,89
69,046	0	6,892
69,064	0	6,895
69,094	0	6,897
69,114	0	6,899
69,139	0	6,901
69,159	0	6,904
69,18	0	6,906
69,201	0	6,908
69,222	0	6,91
69,244	0	6,912
69,261	0	6,913
69,274	0	6,916
69,301	0	6,918
69,328	0	6,921
69,353	0	6,924
69,378	0	6,926
69,399	0	6,928
69,42	0	6,93
69,442	0	6,931
69,456	0	6,933
69,479	0	6,936
69,502	0	6,938
69,522	0	6,94
69,543	0	6,942
69,567	0	6,945
69,591	0	6,946
69,607	0	6,948
69,624	0	6,95
69,654	0	6,954
69,68	0	6,956
69,7	0	6,958
69,721	0	6,96
69,744	0	6,962
69,763	0	6,964
69,783	0	6,965
69,797	0	6,967
69,825	0	6,97
69,846	0	6,973
69,876	0	6,975
69,896	0	6,977
69,917	0	6,979
69,937	0	6,982
69,962	0	6,984
69,983	0	6,986
70,003	0	6,988
70,023	0	6,99
70,04	0	6,991
70,055	0	6,993
70,077	0	6,996
70,105	0	6,998
70,126	0	7,001
70,154	0	7,003
70,17	0	7,005
70,192	0	7,007
70,214	0	7,009
70,238	0	7,011
70,258	0	7,014
70,281	0	7,016
70,301	0	7,017
70,318	0	7,019
70,333	0	7,021
70,356	0	7,024
70,383	0	7,026
70,404	0	7,028
70,423	0	7,03
70,442	0	7,032
70,464	0	7,034
70,487	0	7,036
70,508	0	7,038
70,527	0	7,04
70,543	0	7,042
70,559	0	7,044
70,58	0	7,046
70,604	0	7,048
70,628	0	7,051
70,652	0	7,053
70,675	0	7,055
70,688	0	7,057
70,707	0	7,059
70,73	0	7,061
70,75	0	7,063
70,77	0	7,065
70,787	0	7,066
70,801	0	7,069
70,83	0	7,072
70,857	0	7,074
70,88	0	7,076
70,9	0	7,078
70,922	0	7,08
70,945	0	7,082
70,965	0	7,085
70,988	0	7,087
71,008	0	7,089
71,029	0	7,09
71,045	0	7,092
71,062	0	7,094
71,084	0	7,097
71,109	0	7,099
71,133	0	7,101
71,154	0	7,103
71,174	0	7,105
71,191	0	7,107
71,212	0	7,109
71,232	0	7,111
71,252	0	7,113
71,273	0	7,115
71,293	0	7,118
71,318	0	7,119
71,33	0	7,12
71,353	0	7,123
71,377	0	7,126
71,397	0	7,128
71,418	0	7,13
71,44	0	7,131
71,458	0	7,134
71,482	0	7,136
71,503	0	7,138
71,525	0	7,14
71,539	0	7,141
71,551	0	7,143
71,57	0	7,145
71,593	0	7,147
71,614	0	7,15
71,64	0	7,152
71,663	0	7,154
71,681	0	7,156
71,702	0	7,158
71,725	0	7,16
71,744	0	7,162
71,767	0	7,164
71,787	0	7,166
71,805	0	7,168
71,822	0	7,17
71,846	0	7,173
71,872	0	7,175
71,895	0	7,178
71,92	0	7,18
71,938	0	7,182
71,958	0	7,184
71,978	0	7,186
71,997	0	7,188
72,02	0	7,19
72,043	0	7,192
72,062	0	7,193
72,075	0	7,196
72,098	0	7,198
72,122	0	7,2
72,144	0	7,202
72,166	0	7,205
72,19	0	7,207
72,212	0	7,209
72,234	0	7,211
72,254	0	7,213
72,274	0	7,215
72,29	0	7,217
72,309	0	7,219
72,329	0	7,222
72,356	0	7,225
72,388	0	7,227
72,408	0	7,229
72,428	0	7,231
72,45	0	7,233
72,473	0	7,235
72,496	0	7,238
72,52	0	7,24
72,536	0	7,241
72,551	0	7,243
72,572	0	7,245
72,589	0	7,248
72,616	0	7,25
72,637	0	7,252
72,664	0	7,254
72,678	0	7,256
72,704	0	7,258
72,724	0	7,261
72,745	0	7,263
72,768	0	7,265
72,789	0	7,267
72,81	0	7,268
72,825	0	7,271
72,853	0	7,274
72,88	0	7,276
72,901	0	7,278
72,923	0	7,28
72,946	0	7,283
72,968	0	7,285
72,988	0	7,287
73,007	0	7,289
73,03	0	7,29
73,043	0	7,292
73,06	0	7,294
73,088	0	7,297
73,114	0	7,3
73,14	0	7,302
73,163	0	7,303
73,175	0	7,306
73,201	0	7,308
73,222	0	7,31
73,242	0	7,312
73,261	0	7,314
73,283	0	7,316
73,304	0	7,318
73,32	0	7,319
73,337	0	7,322
73,365	0	7,325
73,39	0	7,327
73,411	0	7,329
73,433	0	7,331
73,453	0	7,333
73,472	0	7,335
73,492	0	7,337
73,515	0	7,339
73,533	0	7,341
73,548	0	7,342
73,568	0	7,345
73,588	0	7,347
73,613	0	7,349
73,634	0	7,352
73,666	0	7,354
73,679	0	7,356
73,704	0	7,358
73,725	0	7,36
73,747	0	7,362
73,766	0	7,365
73,788	0	7,367
73,809	0	7,369
73,832	0	7,371
73,849	0	7,372
73,862	0	7,374
73,89	0	7,377
73,917	0	7,379
73,931	0	7,382
73,962	0	7,384
73,982	0	7,386
74,001	0	7,387
74,016	0	7,389
74,032	0	7,391
74,054	0	7,393
74,073	0	7,395
74,093	0	7,396
74,106	0	7,398
74,13	0	7,401
74,155	0	7,404
74,18	0	7,406
74,202	0	7,408
74,222	0	7,41
74,242	0	7,412
74,264	0	7,414
74,282	0	7,415
74,294	0	7,417
74,319	0	7,42
74,339	0	7,422
74,363	0	7,424
74,387	0	7,426
74,407	0	7,428
74,428	0	7,431
74,452	0	7,433
74,473	0	7,435
74,493	0	7,437
74,512	0	7,439
74,532	0	7,441
74,553	0	7,443
74,572	0	7,445
74,595	0	7,447
74,612	0	7,449
74,636	0	7,451
74,657	0	7,454
74,683	0	7,456
74,703	0	7,458
74,724	0	7,46
74,746	0	7,462
74,768	0	7,464
74,784	0	7,465
74,796	0	7,467
74,814	0	7,469
74,839	0	7,472
74,863	0	7,475
74,895	0	7,477
74,915	0	7,479
74,935	0	7,481
74,955	0	7,483
74,977	0	7,485
74,995	0	7,487
75,017	0	7,489
75,036	0	7,491
75,058	0	7,493
75,072	0	7,494
75,18	0	7,506
75,201	0	7,507
75,214	0	7,509
75,232	0	7,511
75,256	0	7,513
75,277	0	7,515
75,301	0	7,517
75,317	0	7,518
75,33	0	7,521
75,354	0	7,523
75,383	0	7,526
75,401	0	7,528
75,424	0	7,53
75,443	0	7,531
75,455	0	7,533
75,481	0	7,536
75,505	0	7,538
75,526	0	7,54
75,545	0	7,542
75,563	0	7,544
75,583	0	7,545
75,596	0	7,546
75,619	0	7,549
75,638	0	7,552
75,666	0	7,554
75,689	0	7,556
75,711	0	7,558
75,732	0	7,56
75,752	0	7,562
75,766	0	7,564
75,789	0	7,567
75,814	0	7,569
75,836	0	7,571
75,864	0	7,574
75,884	0	7,575
75,897	0	7,578
75,928	0	7,58
75,95	0	7,583
75,974	0	7,585
75,995	0	7,587
76,015	0	7,589
76,035	0	7,591
76,056	0	7,593
76,074	0	7,594
76,087	0	7,596
76,106	0	7,598
76,128	0	7,6
76,152	0	7,603
76,178	0	7,605
76,198	0	7,607
76,221	0	7,61
76,244	0	7,612
76,264	0	7,614
76,288	0	7,615
76,301	0	7,617
76,323	0	7,62
76,344	0	7,622
76,367	0	7,624
76,39	0	7,626
76,412	0	7,628
76,433	0	7,63
76,446	0	7,631
76,469	0	7,634
76,494	0	7,636
76,513	0	7,638
76,535	0	7,64
76,555	0	7,643
76,575	0	7,645
76,597	0	7,646
76,611	0	7,648
76,624	0	7,65
76,655	0	7,653
76,682	0	7,655
76,705	0	7,658
76,726	0	7,66
76,748	0	7,662
76,767	0	7,663
76,782	0	7,665
76,799	0	7,666
76,815	0	7,668
76,834	0	7,671
76,861	0	7,674
76,887	0	7,675
76,899	0	7,678
76,936	0	7,68
76,953	0	7,683
76,98	0	7,685
76,999	0	7,687
77,019	0	7,689
77,038	0	7,691
77,059	0	7,693
77,075	0	7,694
77,094	0	7,697
77,123	0	7,7
77,147	0	7,702
77,168	0	7,704
77,195	0	7,706
77,208	0	7,708
77,235	0	7,711
77,259	0	7,713
77,282	0	7,715
77,304	0	7,718
77,325	0	7,72
77,346	0	7,722
77,364	0	7,723
77,38	0	7,726
77,407	0	7,728
77,433	0	7,731
77,461	0	7,733
77,482	0	7,735
77,501	0	7,737
77,523	0	7,739
77,543	0	7,741
77,564	0	7,744
77,586	0	7,745
77,599	0	7,747
77,617	0	7,75
77,646	0	7,752
77,668	0	7,754
77,691	0	7,756
77,712	0	7,758
77,735	0	7,76
77,755	0	7,762
77,776	0	7,765
77,799	0	7,767
77,818	0	7,769
77,839	0	7,771
77,856	0	7,772
77,871	0	7,774
77,889	0	7,776
77,914	0	7,779
77,941	0	7,781
77,964	0	7,784
77,985	0	7,786
78,005	0	7,788
78,025	0	7,789
78,045	0	7,792
78,066	0	7,793
78,084	0	7,795
78,102	0	7,798
78,127	0	7,8
78,148	0	7,803
78,178	0	7,805
78,198	0	7,807
78,22	0	7,809
78,24	0	7,811
78,259	0	7,813
78,276	0	7,814
78,289	0	7,816
78,308	0	7,818
78,331	0	7,821
78,362	0	7,824
78,389	0	7,826
78,41	0	7,828
78,425	0	7,83
78,452	0	7,832
78,471	0	7,834
78,492	0	7,836
78,512	0	7,838
78,531	0	7,84
78,55	0	7,842
78,57	0	7,844
78,591	0	7,846
78,613	0	7,849
78,642	0	7,851
78,665	0	7,853
78,686	0	7,855
78,7	0	7,857
78,72	0	7,859
78,745	0	7,862
78,766	0	7,864
78,788	0	7,866
78,808	0	7,868
78,824	0	7,869
78,843	0	7,872
78,872	0	7,875
78,899	0	7,877
78,923	0	7,879
78,949	0	7,881
78,964	0	7,884
78,987	0	7,886
79,011	0	7,888
79,028	0	7,89
79,043	0	7,891
79,062	0	7,893
79,075	0	7,894
79,091	0	7,896
79,112	0	7,898
79,134	0	7,901
79,156	0	7,903
79,181	0	7,905
79,196	0	7,906
79,214	0	7,908
79,235	0	7,91
79,252	0	7,912
79,273	0	7,914
79,294	0	7,916
79,314	0	7,918
79,334	0	7,921
79,355	0	7,922
79,368	0	7,924
79,389	0	7,927
79,418	0	7,929
79,442	0	7,932
79,465	0	7,934
79,485	0	7,936
79,506	0	7,938
79,526	0	7,94
79,549	0	7,942
79,568	0	7,943
79,582	0	7,945
79,6	0	7,947
79,62	0	7,95
79,65	0	7,952
79,672	0	7,955
79,697	0	7,957
79,719	0	7,959
79,738	0	7,961
79,757	0	7,963
79,778	0	7,965
79,797	0	7,967
79,815	0	7,968
79,829	0	7,97
79,85	0	7,972
79,869	0	7,974
79,89	0	7,977
79,92	0	7,979
79,94	0	7,981
79,96	0	7,983
79,979	0	7,985
79,997	0	7,987
80,017	0	7,989
80,042	0	7,992
80,066	0	7,994
80,09	0	7,996
80,104	0	7,998
80,123	0	8
80,148	0	8,003
80,174	0	8,005
80,196	0	8,007
80,22	0	8,009
80,241	0	8,012
80,262	0	8,013
80,283	0	8,015
80,303	0	8,018
80,323	0	8,02
80,345	0	8,021
80,359	0	8,023
80,376	0	8,025
80,402	0	8,028
80,433	0	8,031
80,457	0	8,033
80,475	0	8,034
80,489	0	8,036
80,511	0	8,038
80,532	0	8,04
80,553	0	8,042
80,573	0	8,044
80,593	0	8,047
80,615	0	8,048
80,631	0	8,06
80,744	0	8,062
80,763	0	8,063
80,784	0	8,066
80,805	0	8,068
80,826	0	8,07
80,845	0	8,071
80,858	0	8,073
80,883	0	8,076
80,914	0	8,079
80,938	0	8,081
80,958	0	8,084
80,985	0	8,085
80,998	0	8,087
81,018	0	8,089
81,046	0	8,092
81,072	0	8,095
81,099	0	8,097
81,122	0	8,099
81,138	0	8,1
81,157	0	8,103
81,187	0	8,106
81,209	0	8,108
81,23	0	8,11
81,255	0	8,112
81,269	0	8,113
81,284	0	8,115
81,296	0	8,117
81,317	0	8,118
81,329	0	8,119
81,343	0	8,121
81,362	0	8,123
81,382	0	8,124
81,394	0	8,126
81,416	0	8,128
81,433	0	8,13
81,461	0	8,132
81,481	0	8,135
81,505	0	8,137
81,526	0	8,14
81,546	0	8,142
81,566	0	8,144
81,587	0	8,146
81,607	0	8,148
81,625	0	8,149
81,639	0	8,151
81,664	0	8,154
81,689	0	8,156
81,708	0	8,158
81,729	0	8,16
81,748	0	8,162
81,769	0	8,164
81,789	0	8,166
81,809	0	8,168
81,825	0	8,169
81,842	0	8,171
81,862	0	8,175
81,897	0	8,177
81,923	0	8,179
81,942	0	8,181
81,963	0	8,183
81,982	0	8,185
82,006	0	8,187
82,024	0	8,189
82,042	0	8,191
82,065	0	8,193
82,085	0	8,195
82,102	0	8,196
82,115	0	8,199
82,145	0	8,202
82,175	0	8,205
82,198	0	8,207
82,219	0	8,208
82,235	0	8,21
82,253	0	8,212
82,274	0	8,215
82,299	0	8,216
82,323	0	8,219
82,345	0	8,221
82,364	0	8,223
82,383	0	8,224
82,395	0	8,226
82,414	0	8,229
82,441	0	8,231
82,463	0	8,234
82,492	0	8,236
82,506	0	8,237
82,52	0	8,238
82,54	0	8,241
82,565	0	8,244
82,589	0	8,246
82,61	0	8,248
82,63	0	8,25
82,65	0	8,251
82,663	0	8,253
82,686	0	8,256
82,71	0	8,258
82,736	0	8,261
82,76	0	8,263
82,782	0	8,265
82,805	0	8,267
82,825	0	8,269
82,845	0	8,271
82,866	0	8,272
82,885	0	8,276
82,91	0	8,278
82,93	0	8,28
82,961	0	8,283
82,985	0	8,285
83,004	0	8,287
83,028	0	8,289
83,05	0	8,291
83,071	0	8,294
83,091	0	8,295
83,112	0	8,298
83,133	0	8,299
83,148	0	8,302
83,173	0	8,304
83,196	0	8,306
83,219	0	8,308
83,24	0	8,31
83,261	0	8,312
83,275	0	8,314
83,298	0	8,316
83,321	0	8,318
83,342	0	8,32
83,361	0	8,323
83,391	0	8,325
83,405	0	8,327
83,428	0	8,329
83,453	0	8,332
83,475	0	8,334
83,497	0	8,336
83,517	0	8,338
83,538	0	8,34
83,559	0	8,342
83,582	0	8,344
83,601	0	8,346
83,614	0	8,347
83,631	0	8,349
83,65	0	8,352
83,684	0	8,355
83,708	0	8,357
83,729	0	8,359
83,744	0	8,361
83,768	0	8,363
83,789	0	8,366
83,81	0	8,368
83,83	0	8,37
83,849	0	8,372
83,87	0	8,373
83,886	0	8,374
83,901	0	8,377
83,928	0	8,379
83,95	0	8,382
83,982	0	8,385
84,004	0	8,386
84,018	0	8,388
84,031	0	8,389
84,049	0	8,391
84,07	0	8,394
84,091	0	8,395
84,107	0	8,396
84,119	0	8,399
84,148	0	8,401
84,172	0	8,404
84,196	0	8,406
84,218	0	8,408
84,238	0	8,41
84,255	0	8,411
84,275	0	8,413
84,294	0	8,415
84,306	0	8,418
84,333	0	8,42
84,352	0	8,422
84,38	0	8,424
84,402	0	8,426
84,424	0	8,428
84,437	0	8,429
84,455	0	8,432
84,479	0	8,434
84,5	0	8,436
84,519	0	8,438
84,541	0	8,44
84,562	0	8,442
84,583	0	8,444
84,604	0	8,446
84,616	0	8,448
84,638	0	8,45
84,66	0	8,452
84,68	0	8,454
84,704	0	8,456
84,726	0	8,459
84,747	0	8,461
84,768	0	8,462
84,787	0	8,464
84,804	0	8,466
84,825	0	8,469
84,846	0	8,471
84,867	0	8,473
84,887	0	8,474
84,902	0	8,477
84,929	0	8,479
84,958	0	8,482
84,979	0	8,484
85,004	0	8,486
85,024	0	8,488
85,047	0	8,491
85,068	0	8,493
85,087	0	8,494
85,106	0	8,497
85,129	0	8,499
85,144	0	8,5
85,156	0	8,502
85,182	0	8,505
85,209	0	8,507
85,234	0	8,51
85,262	0	8,512
85,284	0	8,514
85,304	0	8,516
85,323	0	8,518
85,347	0	8,52
85,361	0	8,521
85,379	0	8,525
85,412	0	8,528
85,434	0	8,53
85,46	0	8,532
85,478	0	8,534
85,497	0	8,536
85,521	0	8,538
85,538	0	8,539
85,555	0	8,541
85,572	0	8,544
85,596	0	8,546
85,626	0	8,549
85,653	0	8,551
85,672	0	8,554
85,695	0	8,555
85,708	0	8,557
85,733	0	8,559
85,754	0	8,562
85,776	0	8,564
85,797	0	8,566
85,816	0	8,568
85,837	0	8,569
85,855	0	8,571
85,874	0	8,573
85,891	0	8,574
85,904	0	8,577
85,927	0	8,579
85,955	0	8,582
85,978	0	8,584
86,002	0	8,586
86,023	0	8,588
86,043	0	8,591
86,066	0	8,593
86,086	0	8,595
86,105	0	8,596
86,118	0	8,597
86,135	0	8,6
86,161	0	8,602
86,183	0	8,604
86,207	0	8,607
86,23	0	8,609
86,256	0	8,611
86,271	0	8,622
86,383	0	8,624
86,397	0	8,626
86,422	0	8,628
86,441	0	8,631
86,468	0	8,633
86,493	0	8,636
86,518	0	8,638
86,538	0	8,64
86,559	0	8,642
86,581	0	8,644
86,602	0	8,646
86,619	0	8,648
86,636	0	8,65
86,661	0	8,652
86,685	0	8,654
86,709	0	8,657
86,731	0	8,658
86,747	0	8,66
86,765	0	8,662
86,788	0	8,665
86,809	0	8,667
86,829	0	8,669
86,849	0	8,67
86,864	0	8,672
86,886	0	8,674
86,904	0	8,677
86,93	0	8,679
86,95	0	8,681
86,979	0	8,683
86,993	0	8,684
87,009	0	8,687
87,029	0	8,689
87,05	0	8,691
87,07	0	8,693
87,09	0	8,695
87,11	0	8,696
87,124	0	8,698
87,145	0	8,7
87,163	0	8,703
87,191	0	8,706
87,218	0	8,707
87,234	0	8,709
87,248	0	8,71
87,27	0	8,713
87,29	0	8,715
87,31	0	8,717
87,331	0	8,719
87,352	0	8,721
87,373	0	8,723
87,393	0	8,725
87,409	0	8,726
87,422	0	8,728
87,443	0	8,731
87,468	0	8,733
87,494	0	8,736
87,516	0	8,738
87,543	0	8,74
87,556	0	8,742
87,579	0	8,744
87,6	0	8,746
87,619	0	8,748
87,643	0	8,751
87,67	0	8,753
87,686	0	8,754
87,706	0	8,757
87,732	0	8,759
87,755	0	8,762
87,775	0	8,763
87,794	0	8,766
87,817	0	8,767
87,833	0	8,77
87,858	0	8,772
87,882	0	8,774
87,905	0	8,777
87,932	0	8,779
87,947	0	8,78
87,964	0	8,784
87,993	0	8,786
88,018	0	8,789
88,048	0	8,79
88,07	0	8,792
88,083	0	8,794
88,099	0	8,796
88,121	0	8,799
88,153	0	8,802
88,176	0	8,804
88,197	0	8,805
88,214	0	8,807
88,229	0	8,808
88,243	0	8,81
88,256	0	8,811
88,268	0	8,812
88,28	0	8,814
88,299	0	8,816
88,32	0	8,818
88,343	0	8,82
88,363	0	8,822
88,384	0	8,824
88,396	0	8,825
88,413	0	8,827
88,433	0	8,83
88,461	0	8,832
88,487	0	8,834
88,507	0	8,837
88,529	0	8,839
88,55	0	8,841
88,57	0	8,843
88,591	0	8,845
88,612	0	8,847
88,634	0	8,849
88,655	0	8,851
88,675	0	8,852
88,687	0	8,856
88,717	0	8,858
88,742	0	8,86
88,765	0	8,863
88,789	0	8,865
88,81	0	8,867
88,83	0	8,869
88,852	0	8,871
88,872	0	8,873
88,896	0	8,875
88,912	0	8,876
88,929	0	8,878
88,954	0	8,882
88,98	0	8,885
89,01	0	8,886
89,024	0	8,888
89,038	0	8,89
89,06	0	8,893
89,089	0	8,895
89,109	0	8,897
89,133	0	8,899
89,153	0	8,902
89,178	0	8,903
89,197	0	8,905
89,222	0	8,908
89,243	0	8,91
89,265	0	8,912
89,287	0	8,914
89,3	0	8,916
89,323	0	8,918
89,336	0	8,92
89,359	0	8,921
89,371	0	8,924
89,398	0	8,926
89,421	0	8,927
89,433	0	8,928
89,446	0	8,931
89,474	0	8,933
89,493	0	8,935
89,509	0	8,936
89,526	0	8,938
89,542	0	8,941
89,57	0	8,943
89,594	0	8,945
89,614	0	8,947
89,635	0	8,949
89,656	0	8,951
89,67	0	8,953
89,694	0	8,955
89,713	0	8,958
89,742	0	8,96
89,765	0	8,962
89,785	0	8,964
89,798	0	8,966
89,824	0	8,968
89,846	0	8,97
89,864	0	8,973
89,894	0	8,975
89,909	0	8,976
89,922	0	8,979
89,959	0	8,982
89,983	0	8,984
90,004	0	8,986
90,025	0	8,988
90,046	0	8,99
90,066	0	8,992
90,085	0	8,994
90,105	0	8,996
90,125	0	8,998
90,146	0	9
90,16	0	9,002
90,18	0	9,004
90,205	0	9,006
90,227	0	9,009
90,249	0	9,011
90,27	0	9,012
90,284	0	9,015
90,314	0	9,017
90,337	0	9,019
90,357	0	9,021
90,376	0	9,023
90,392	0	9,025
90,409	0	9,027
90,428	0	9,029
90,451	0	9,031
90,474	0	9,034
90,497	0	9,036
90,518	0	9,038
90,539	0	9,04
90,561	0	9,042
90,583	0	9,044
90,603	0	9,046
90,625	0	9,048
90,642	0	9,049
90,655	0	9,052
90,686	0	9,055
90,711	0	9,057
90,732	0	9,059
90,756	0	9,061
90,77	0	9,063
90,791	0	9,065
90,811	0	9,067
90,831	0	9,069
90,851	0	9,071
90,872	0	9,072
90,89	0	9,075
90,911	0	9,076
90,925	0	9,078
90,937	0	9,08
90,965	0	9,082
90,989	0	9,085
91,013	0	9,087
91,033	0	9,089
91,053	0	9,091
91,07	0	9,092
91,082	0	9,095
91,109	0	9,097
91,135	0	9,099
91,155	0	9,102
91,181	0	9,104
91,202	0	9,105
91,215	0	9,107
91,237	0	9,11
91,267	0	9,113
91,291	0	9,115
91,312	0	9,116
91,327	0	9,118
91,347	0	9,121
91,369	0	9,122
91,387	0	9,124
91,399	0	9,125
91,422	0	9,128
91,442	0	9,13
91,468	0	9,133
91,493	0	9,144
91,606	0	9,146
91,619	0	9,148
91,645	0	9,151
91,672	0	9,153
91,698	0	9,156
91,72	0	9,158
91,741	0	9,159
91,758	0	9,161
91,772	0	9,163
91,799	0	9,166
91,825	0	9,168
91,847	0	9,171
91,88	0	9,173
91,894	0	9,174
91,908	0	9,176
91,93	0	9,178
91,956	0	9,181
91,982	0	9,183
92,005	0	9,185
92,02	0	9,187
92,035	0	9,189
92,062	0	9,192
92,082	0	9,194
92,106	0	9,196
92,126	0	9,198
92,143	0	9,199
92,156	0	9,202
92,183	0	9,204
92,209	0	9,206
92,237	0	9,209
92,259	0	9,211
92,274	0	9,212
92,292	0	9,214
92,305	0	9,215
92,321	0	9,217
92,333	0	9,218
92,346	0	9,22
92,366	0	9,222
92,384	0	9,224
92,409	0	9,226
92,423	0	9,228
92,449	0	9,231
92,476	0	9,233
92,499	0	9,236
92,521	0	9,238
92,541	0	9,24
92,564	0	9,242
92,584	0	9,244
92,606	0	9,246
92,628	0	9,248
92,649	0	9,25
92,669	0	9,252
92,684	0	9,254
92,71	0	9,257
92,733	0	9,259
92,753	0	9,261
92,777	0	9,263
92,802	0	9,265
92,815	0	9,266
92,831	0	9,268
92,852	0	9,27
92,873	0	9,272
92,896	0	9,275
92,924	0	9,277
92,937	0	9,279
92,955	0	9,281
92,98	0	9,283
93,001	0	9,285
93,021	0	9,288
93,043	0	9,29
93,064	0	9,292
93,085	0	9,294
93,105	0	9,296
93,127	0	9,298
93,146	0	9,299
93,163	0	9,301
93,182	0	9,304
93,212	0	9,307
93,233	0	9,308
93,252	0	9,31
93,278	0	9,313
93,292	0	9,314
93,308	0	9,316
93,327	0	9,318
93,348	0	9,32
93,368	0	9,322
93,388	0	9,324
93,409	0	9,326
93,433	0	9,328
93,448	0	9,33
93,471	0	9,332
93,497	0	9,336
93,529	0	9,339
93,556	0	9,34
93,569	0	9,342
93,589	0	9,344
93,609	0	9,346
93,63	0	9,348
93,651	0	9,351
93,679	0	9,352
93,695	0	9,354
93,711	0	9,356
93,735	0	9,359
93,757	0	9,361
93,781	0	9,363
93,803	0	9,366
93,827	0	9,368
93,848	0	9,37
93,87	0	9,372
93,888	0	9,373
93,902	0	9,375
93,926	0	9,377
93,942	0	9,379
93,967	0	9,382
93,985	0	9,384
94,01	0	9,386
94,025	0	9,387
94,038	0	9,389
94,058	0	9,391
94,079	0	9,393
94,099	0	9,395
94,122	0	9,397
94,142	0	9,399
94,163	0	9,401
94,174	0	9,403
94,197	0	9,406
94,229	0	9,408
94,249	0	9,41
94,274	0	9,412
94,296	0	9,415
94,317	0	9,417
94,337	0	9,419
94,358	0	9,421
94,38	0	9,423
94,399	0	9,425
94,421	0	9,426
94,435	0	9,428
94,459	0	9,431
94,483	0	9,434
94,506	0	9,436
94,529	0	9,438
94,552	0	9,44
94,571	0	9,443
94,596	0	9,445
94,616	0	9,447
94,636	0	9,449
94,66	0	9,451
94,68	0	9,453
94,701	0	9,455
94,714	0	9,456
94,731	0	9,458
94,756	0	9,46
94,776	0	9,463
94,798	0	9,465
94,823	0	9,467
94,837	0	9,468
94,852	0	9,471
94,882	0	9,474
94,905	0	9,476
94,926	0	9,478
94,946	0	9,48
94,972	0	9,482
94,985	0	9,484
95,008	0	9,486
95,032	0	9,488
95,055	0	9,491
95,078	0	9,492
95,094	0	9,494
95,116	0	9,497
95,137	0	9,499
95,157	0	9,501
95,179	0	9,503
95,2	0	9,505
95,218	0	9,506
95,231	0	9,508
95,254	0	9,511
95,284	0	9,513
95,309	0	9,516
95,332	0	9,518
95,35	0	9,52
95,373	0	9,522
95,393	0	9,524
95,413	0	9,526
95,435	0	9,528
95,454	0	9,53
95,468	0	9,532
95,492	0	9,535
95,521	0	9,537
95,547	0	9,54
95,566	0	9,541
95,586	0	9,543
95,602	0	9,545
95,621	0	9,547
95,64	0	9,548
95,658	0	9,551
95,68	0	9,553
95,701	0	9,555
95,721	0	9,556
95,741	0	9,559
95,763	0	9,561
95,783	0	9,564
95,811	0	9,566
95,834	0	9,568
95,857	0	9,57
95,878	0	9,573
95,901	0	9,575
95,921	0	9,577
95,943	0	9,579
95,958	0	9,58
95,971	0	9,582
95,997	0	9,585
96,02	0	9,587
96,042	0	9,589
96,065	0	9,591
96,084	0	9,593
96,104	0	9,596
96,127	0	9,597
96,146	0	9,6
96,17	0	9,602
96,191	0	9,604
96,213	0	9,605
96,228	0	9,607
96,247	0	9,609
96,273	0	9,613
96,3	0	9,615
96,325	0	9,617
96,339	0	9,618
96,357	0	9,621
96,381	0	9,623
96,401	0	9,625
96,422	0	9,628
96,451	0	9,63
96,471	0	9,631
96,49	0	9,633
96,503	0	9,634
96,525	0	9,638
96,55	0	9,64
96,574	0	9,643
96,601	0	9,645
96,622	0	9,647
96,643	0	9,649
96,666	0	9,651
96,687	0	9,653
96,704	0	9,654
96,719	0	9,656
96,742	0	9,659
96,763	0	9,661
96,784	0	9,663
96,807	0	9,666
96,831	0	9,668
96,852	0	9,67
96,873	0	9,672
96,891	0	9,674
96,914	0	9,676
96,938	0	9,678
96,957	0	9,68
96,97	0	9,682
96,998	0	9,686
97,03	0	9,688
97,052	0	9,69
97,078	0	9,692
97,098	0	9,695
97,121	0	9,697
97,14	0	9,699
97,162	0	9,701
97,179	0	9,702
97,191	0	9,713
97,31	0	9,715
97,324	0	9,716
97,34	0	9,719
97,364	0	9,721
97,388	0	9,724
97,409	0	9,726
97,431	0	9,728
97,45	0	9,73
97,466	0	9,731
97,487	0	9,734
97,514	0	9,736
97,536	0	9,738
97,558	0	9,74
97,575	0	9,742
97,596	0	9,744
97,615	0	9,746
97,635	0	9,748
97,655	0	9,75
97,672	0	9,751
97,685	0	9,753
97,703	0	9,755
97,729	0	9,758
97,752	0	9,76
97,77	0	9,762
97,794	0	9,764
97,809	0	9,765
97,825	0	9,767
97,845	0	9,77
97,876	0	9,773
97,901	0	9,775
97,922	0	9,777
97,939	0	9,778
97,953	0	9,781
97,979	0	9,783
98,002	0	9,785
98,025	0	9,787
98,047	0	9,789
98,067	0	9,791
98,08	0	9,792
98,102	0	9,796
98,13	0	9,798
98,153	0	9,8
98,173	0	9,802
98,197	0	9,804
98,21	0	9,805
98,226	0	9,808
98,252	0	9,811
98,281	0	9,813
98,306	0	9,816
98,33	0	9,817
98,343	0	9,82
98,375	0	9,822
98,4	0	9,825
98,422	0	9,827
98,443	0	9,829
98,466	0	9,831
98,479	0	9,832
98,496	0	9,835
98,526	0	9,838
98,551	0	9,84
98,575	0	9,842
98,591	0	9,844
98,611	0	9,846
98,632	0	9,848
98,656	0	9,85
98,676	0	9,853
98,7	0	9,854
98,714	0	9,856
98,737	0	9,858
98,757	0	9,86
98,777	0	9,863
98,804	0	9,865
98,825	0	9,868
98,846	0	9,87
98,866	0	9,872
98,887	0	9,874
98,909	0	9,876
98,928	0	9,877
98,941	0	9,879
98,965	0	9,882
98,995	0	9,885
99,02	0	9,887
99,038	0	9,888
99,051	0	9,889
99,064	0	9,892
99,089	0	9,894
99,111	0	9,896
99,131	0	9,898
99,154	0	9,9
99,173	0	9,902
99,192	0	9,904
99,212	0	9,906
99,226	0	9,908
99,25	0	9,91
99,271	0	9,912
99,295	0	9,915
99,321	0	9,916
99,336	0	9,918
99,353	0	9,921
99,378	0	9,923
99,397	0	9,925
99,418	0	9,928
99,446	0	9,93
99,467	0	9,932
99,487	0	9,933
99,499	0	9,935
99,526	0	9,937
99,546	0	9,94
99,576	0	9,943
99,598	0	9,945
99,618	0	9,947
99,638	0	9,949
99,66	0	9,952
99,685	0	9,953
99,708	0	9,955
99,722	0	9,957
99,746	0	9,959
99,761	0	9,961
99,781	0	9,963
99,806	0	9,966
99,831	0	9,968
99,853	0	9,97
99,873	0	9,972
99,893	0	9,974
99,914	0	9,977
99,938	0	9,979
99,957	0	9,98
99,97	0	9,983
100,009	0	9,986
100,031	0	9,987
100,052	0	9,99
100,074	0	9,992
100,089	0	9,993
100,105	0	9,996
100,129	0	9,998
100,147	0	9,999
100,163	0	10,001
100,182	0	10,003
100,207	0	10,005
100,219	0	10,007
100,238	0	10,009
100,258	0	10,012
100,294	0	10,014
100,315	0	10,016
100,336	0	10,018
100,358	0	10,021
100,381	0	10,023
100,403	0	10,025
100,424	0	10,027
100,445	0	10,029
100,46	0	10,03
100,478	0	10,033
100,504	0	10,036
100,529	0	10,038
100,548	0	10,04
100,574	0	10,042
100,589	0	10,043
100,614	0	10,046
100,635	0	10,048
100,654	0	10,05
100,674	0	10,052
100,693	0	10,054
100,708	0	10,055
100,72	0	10,057
100,739	0	10,059
100,761	0	10,061
100,782	0	10,063
100,803	0	10,065
100,824	0	10,068
100,847	0	10,07
100,868	0	10,072
100,889	0	10,074
100,911	0	10,076
100,929	0	10,077
100,945	0	10,079
100,963	0	10,082
100,991	0	10,084
101,02	0	10,087
101,041	0	10,089
101,057	0	10,09
101,074	0	10,092
101,097	0	10,094
101,118	0	10,096
101,138	0	10,098
101,157	0	10,101
101,18	0	10,102
101,193	0	10,104
101,215	0	10,107
101,242	0	10,109
101,263	0	10,111
101,282	0	10,114
101,309	0	10,115
101,322	0	10,117
101,34	0	10,119
101,365	0	10,122
101,388	0	10,124
101,409	0	10,126
101,431	0	10,128
101,451	0	10,129
101,464	0	10,131
101,488	0	10,134
101,512	0	10,136
101,536	0	10,138
101,556	0	10,14
101,578	0	10,143
101,603	0	10,145
101,623	0	10,147
101,643	0	10,149
101,663	0	10,151
101,687	0	10,153
101,707	0	10,156
101,728	0	10,157
101,741	0	10,158
101,755	0	10,16
101,777	0	10,162
101,796	0	10,164
101,816	0	10,166
101,834	0	10,169
101,857	0	10,17
101,876	0	10,173
101,901	0	10,174
101,915	0	10,177
101,936	0	10,178
101,953	0	10,18
101,976	0	10,182
101,994	0	10,184
102,015	0	10,186
102,029	0	10,188
102,057	0	10,191
102,082	0	10,194
102,107	0	10,196
102,13	0	10,198
102,144	0	10,199
102,159	0	10,201
102,18	0	10,203
102,2	0	10,205
102,219	0	10,207
102,241	0	10,209
102,26	0	10,21
102,276	0	10,214
102,309	0	10,216
102,331	0	10,218
102,356	0	10,22
102,375	0	10,223
102,396	0	10,224
102,413	0	10,226
102,431	0	10,228
102,448	0	10,23
102,467	0	10,24
102,576	0	10,242
102,589	0	10,243
102,604	0	10,245
102,627	0	10,248
102,648	0	10,25
102,665	0	10,252
102,693	0	10,254
102,707	0	10,256
102,734	0	10,259
102,754	0	10,261
102,777	0	10,262
102,795	0	10,265
102,819	0	10,266
102,833	0	10,268
102,851	0	10,271
102,878	0	10,273
102,899	0	10,275
102,919	0	10,277
102,943	0	10,279
102,957	0	10,28
102,975	0	10,282
102,992	0	10,284
103,01	0	10,286
103,035	0	10,288
103,054	0	10,29
103,075	0	10,292
103,094	0	10,294
103,115	0	10,296
103,134	0	10,298
103,156	0	10,3
103,176	0	10,302
103,198	0	10,304
103,211	0	10,305
103,227	0	10,308
103,251	0	10,31
103,277	0	10,313
103,302	0	10,316
103,326	0	10,317
103,341	0	10,319
103,364	0	10,321
103,385	0	10,323
103,407	0	10,325
103,428	0	10,327
103,446	0	10,329
103,462	0	10,33
103,479	0	10,332
103,498	0	10,335
103,522	0	10,337
103,54	0	10,339
103,563	0	10,341
103,584	0	10,343
103,602	0	10,344
103,616	0	10,347
103,642	0	10,349
103,661	0	10,35
103,681	0	10,352
103,701	0	10,354
103,718	0	10,356
103,74	0	10,358
103,753	0	10,36
103,777	0	10,362
103,799	0	10,364
103,818	0	10,367
103,84	0	10,369
103,86	0	10,37
103,878	0	10,372
103,895	0	10,374
103,915	0	10,376
103,934	0	10,378
103,955	0	10,38
103,978	0	10,383
104,01	0	10,385
104,026	0	10,386
104,04	0	10,388
104,06	0	10,391
104,085	0	10,393
104,101	0	10,395
104,125	0	10,397
104,147	0	10,4
104,169	0	10,401
104,189	0	10,404
104,209	0	10,405
104,23	0	10,407
104,244	0	10,408
104,258	0	10,41
